docker_testcase/datasets_hmc/static_data/gridded/liguria/liguria.beta.txt
ncols	         559
nrows	         167
xllcorner	   7.49520000000000     
yllcorner	   43.7565000000000     
cellsize    5.007000000000000E-003
NODATA_value  -9999
[rows 84 to 111 of 167, columns 63 to 125 of 559]
0.369415 0.424056 0.419240 0.319455 0.270478 0.203943 0.292783 0.252448 0.281878 0.280571 0.309356 0.316872 0.315911 0.268778 0.441761 0.579709 0.268813 0.272970 0.449477 0.413017 0.414175 0.431241 0.388247 0.435374 0.470055 0.473147 0.466618 0.318710 0.323643 0.323249 0.324300 0.248660 0.063345 0.058051 0.268366 0.352120 0.350059 0.369512 0.368696 0.194613 0.246730 0.266284 0.277130 0.273477 0.314819 0.238478 0.140393 0.074237 0.082297 0.051447 0.048758 0.198786 0.361995 0.306739 0.171000 0.300719 0.406412 0.382997 0.282715 0.242612 0.276033 0.105802 0.073422
0.482127 0.465464 0.513723 0.529513 0.403103 0.327708 0.370782 0.335024 0.356746 0.416377 0.361484 0.370672 0.259123 0.156532 0.127059 0.142479 0.189917 0.207826 0.441086 0.458511 0.413440 0.297125 0.294018 0.290513 0.307512 0.290109 0.234953 0.437023 0.414748 0.259508 0.147475 0.043044 0.122180 0.249446 0.184067 0.177092 0.285380 0.221904 0.289940 0.313858 0.299088 0.317590 0.171040 0.269902 0.151508 0.101736 0.002191 0.132173 0.207704 0.065699 0.160991 0.285759 0.357865 0.142922 0.257288 0.313497 0.355688 0.268942 0.384241 0.386547 0.305424 0.155148 0.037173
0.515691 0.383152 0.383152 0.520103 0.408529 0.349865 0.334649 0.197197 0.246189 0.366459 0.435835 0.507274 0.445133 0.276725 0.162048 0.238161 0.120317 0.138475 0.099464 0.147523 0.395903 0.255643 0.144104 0.134869 0.144554 0.159520 0.138553 0.111284 0.056964 0.059930 0.056071 0.112743 0.352598 0.200369 0.512625 0.394322 0.291130 0.212526 0.390794 0.505536 0.589194 0.521058 0.358412 0.425020 0.371923 0.161595 0.248282 0.234889 0.226026 0.230324 0.082501 0.263563 0.360943 0.119402 0.205329 0.307114 0.026234 0.123338 0.159783 0.405889 0.403270 0.276033 0.288044
0.475337 0.351026 0.351026 0.475798 0.529563 0.393969 0.334649 0.296378 0.307114 0.233317 0.189926 0.152792 0.131179 0.160589 0.257578 0.325589 0.322855 0.299965 0.130160 0.098453 0.069648 0.041693 0.041676 0.083698 0.111619 0.148745 0.157704 0.174213 0.160235 0.114782 0.108000 0.290325 0.442342 0.479064 0.474874 0.416306 0.426456 0.440410 0.315166 0.537985 0.581696 0.572152 0.567023 0.492166 0.528641 0.336307 0.188839 0.128015 0.130656 0.206319 0.052714 0.259123 0.322461 0.093711 0.079455 0.047897 0.152323 0.213642 0.088405 0.130656 0.263173 0.257015 0.227968
0.411847 0.302423 0.302423 0.408283 0.359328 0.420274 0.386046 0.246922 0.280045 0.307302 0.170438 0.193419 0.218166 0.124711 0.088221 0.088170 0.317032 0.297819 0.249832 0.034030 0.004784 0.225438 0.051833 0.344384 0.242459 0.291913 0.300189 0.283751 0.276323 0.373720 0.228164 0.228164 0.270478 0.190632 0.087380 0.194215 0.272779 0.386046 0.443654 0.480565 0.488284 0.489482 0.470624 0.474181 0.418723 0.452554 0.310056 0.247893 0.121506 0.166623 0.112539 0.069465 0.162475 0.089170 0.173446 0.217964 0.202159 0.256225 0.317405 0.094534 0.139755 0.256605 0.189804
0.269952 0.263720 0.263720 0.422854 0.343117 0.343117 0.398644 0.166030 0.295244 0.253129 0.259316 0.171120 0.152885 0.181478 0.227991 0.088170 0.087778 0.056189 0.032996 0.137148 0.279089 0.353148 0.351870 0.380265 0.568639 0.445483 0.443905 0.369954 0.362750 0.422713 0.260953 0.260953 0.348640 0.187549 0.194871 0.262746 0.328923 0.384419 0.423685 0.386313 0.400272 0.388987 0.404711 0.428410 0.450505 0.502547 0.537635 0.483846 0.295548 0.228938 0.163755 0.100191 0.061443 0.000465 0.053356 0.280427 0.086833 0.298833 0.368696 0.279854 0.143069 0.255645 0.117229
0.299965 0.165216 0.228169 0.247505 0.252601 0.318513 0.302791 0.207215 0.220724 0.281989 0.319171 0.275842 0.350961 0.287775 0.297686 0.214758 0.234060 0.048778 0.062825 0.160625 0.174119 0.224361 0.255648 0.370655 0.481094 0.549936 0.601375 0.531562 0.396257 0.364420 0.380328 0.412150 0.335284 0.358408 0.216787 0.172444 0.095780 0.212957 0.264135 0.275268 0.278402 0.267657 0.269949 0.353663 0.306639 0.474661 0.468847 0.404318 0.309928 0.209880 0.124359 0.127001 0.163755 0.130019 0.160790 0.149331 0.000465 0.093005 0.182467 0.094112 0.154543 0.270862 0.150359
0.392383 0.330456 0.308996 0.195889 0.197868 0.347128 0.282528 0.366357 0.368516 0.313297 0.295622 0.401346 0.374794 0.370528 0.386193 0.302791 0.181853 0.038474 0.114619 0.101679 0.194871 0.297819 0.318513 0.396036 0.478220 0.291078 0.338147 0.319455 0.294108 0.316659 0.358046 0.384419 0.338330 0.260837 0.411601 0.371416 0.333068 0.303018 0.262612 0.285000 0.328553 0.196830 0.199687 0.242512 0.374710 0.258767 0.393047 0.417169 0.560232 0.445133 0.486842 0.476457 0.532329 0.452318 0.199587 0.357321 0.324475 0.221708 0.064618 0.062289 0.321317 0.252911 0.085945
0.050722 0.397484 0.402920 0.104622 0.293919 0.470730 0.537223 0.541786 0.321233 0.533555 0.452178 0.490225 0.505220 0.458843 0.443892 0.374436 0.031885 0.222101 0.392923 0.152727 0.138758 0.146158 0.186194 0.473188 0.339066 0.198525 0.254280 0.296567 0.363111 0.468100 0.360943 0.315726 0.272012 0.353871 0.391324 0.129234 0.158776 0.264373 0.293407 0.225351 0.398014 0.259123 0.142274 0.249252 0.198624 0.230403 0.345482 0.342173 0.267406 0.552185 0.448997 0.436344 0.558153 0.426474 0.509639 0.485065 0.375595 0.305412 0.236795 0.043913 0.217772 0.333851 0.271173
0.041129 0.050653 0.042826 0.053494 0.041505 0.065729 0.266060 0.170133 0.193143 0.227899 0.197639 0.201394 0.144625 0.358408 0.219347 0.046659 0.000465 0.308426 0.333590 0.359495 0.355869 0.240696 0.344116 0.481094 0.364293 0.347858 0.337628 0.310189 0.285190 0.435326 0.532942 0.532329 0.434646 0.401871 0.317590 0.217128 0.270094 0.413017 0.225960 0.201638 0.413191 0.371416 0.249252 0.114292 0.316846 0.320945 0.338148 0.400820 0.173724 0.152445 0.317965 0.418550 0.326145 0.441387 0.483960 0.429705 0.402221 0.149900 0.160790 0.096395 0.030044 0.301953 0.293351
0.277559 0.431067 0.280045 0.169836 0.066188 0.065729 0.091872 0.196697 0.215912 0.250668 0.197639 0.201394 0.144625 0.090775 0.000465 0.000465 0.017253 0.177452 0.114579 0.180053 0.176810 0.225471 0.461495 0.419062 0.395414 0.339433 0.323918 0.313365 0.139369 0.242644 0.128286 0.187808 0.194417 0.510425 0.423026 0.401170 0.359133 0.372645 0.357865 0.131159 0.173647 0.436514 0.258654 0.035051 0.207775 0.423078 0.518120 0.481501 0.447823 0.293407 0.113661 0.140595 0.188818 0.250855 0.332676 0.326136 0.362208 0.222887 0.154341 0.218953 0.033111 0.218953 0.156358
0.387611 0.424170 0.521834 0.615149 0.537833 0.516226 0.548282 0.617763 0.182720 0.609338 0.296350 0.129438 0.441761 0.557112 0.491029 0.203348 0.143430 0.291264 0.053667 0.028092 0.151718 0.263943 0.290888 0.260474 0.186645 0.153457 0.160340 0.166623 0.110114 0.153457 0.128286 0.161067 0.142944 0.084099 0.260281 0.308803 0.342369 0.322618 0.286331 0.303355 0.056858 0.026958 0.021381 0.020443 0.080610 0.310678 0.373004 0.041361 0.000465 0.055122 0.057788 0.103349 0.224459 0.223869 0.305013 0.342691 0.278518 0.177452 0.195408 0.260281 0.010108 0.101918 0.094775
0.053293 0.237381 0.239306 0.213434 0.262980 0.354598 0.355506 0.295281 0.348223 0.276416 0.181253 0.000000 0.016114 0.212053 0.214479 0.198389 0.128015 0.227275 0.294487 0.301473 0.335938 0.298353 0.252911 0.237576 0.323547 0.153457 0.120680 0.080471 0.031601 0.270670 0.284279 0.221118 0.022753 0.044303 0.088606 0.071854 0.117516 0.095564 0.250307 0.176051 0.025988 0.418205 0.410005 0.272396 0.063401 0.000570 0.000666 0.000465 0.066637 0.163808 0.122059 0.106291 0.049438 0.077736 0.279282 0.430388 0.461828 0.484904 0.351090 0.394498 0.123134 0.046278 0.063717
0.118655 0.068703 0.283858 0.271580 0.290594 0.345022 0.393088 0.378367 0.278751 0.199648 0.197196 0.000620 0.000584 0.243422 0.146643 0.281989 0.320758 0.382108 0.360943 0.433285 0.318338 0.388051 0.290594 0.297152 0.434317 0.370313 0.495677 0.492955 0.498072 0.266637 0.287281 0.068848 0.099259 0.295054 0.278518 0.253458 0.314045 0.200374 0.100796 0.034538 0.227206 0.405819 0.262787 0.126270 0.332435 0.190632 0.249835 0.114889 0.520280 0.473188 0.158003 0.396609 0.189926 0.209125 0.174206 0.085752 0.001679 0.067048 0.298455 0.387675 0.311248 0.178253 0.044046
0.158631 0.024582 0.091889 0.309366 0.285761 0.223084 0.057375 0.119663 0.139987 0.067685 0.150302 0.000465 0.000620 0.236990 0.198665 0.281720 0.285355 0.278518 0.291267 0.294487 0.239185 0.341265 0.331501 0.378248 0.430218 0.424742 0.344568 0.097418 0.127576 0.325959 0.140203 0.149900 0.398365 0.279426 0.336066 0.254964 0.210670 0.215037 0.291836 0.392559 0.197793 0.305279 0.312572 0.473516 0.289940 0.461331 0.452512 0.558896 0.560279 0.452178 0.642442 0.586971 0.278812 0.242252 0.174206 0.437532 0.349136 0.002722 0.008027 0.368696 0.348223 0.280618 0.010051
0.321935 0.171842 0.252548 0.324290 0.305048 0.151929 0.190034 0.081636 0.000826 0.045423 0.101305 0.016653 0.000001 0.133294 0.236014 0.253323 0.204141 0.131515 0.140798 0.150390 0.298220 0.347995 0.328101 0.307271 0.385306 0.292025 0.300621 0.169013 0.157970 0.090045 0.100487 0.248661 0.284429 0.304296 0.348223 0.142823 0.257425 0.365456 0.350059 0.256225 0.240696 0.278518 0.269274 0.279831 0.326701 0.295244 0.270478 0.305800 0.409545 0.405191 0.458178 0.401696 0.552485 0.503319 0.584322 0.404091 0.404709 0.316846 0.008027 0.019951 0.200374 0.280618 0.019419
0.414053 0.333173 0.266444 0.304108 0.423541 0.280999 0.214815 0.303920 0.334280 0.305424 0.209453 0.094098 0.027058 0.104984 0.209592 0.327998 0.280618 0.131515 0.126597 0.111235 0.209089 0.288178 0.276725 0.349683 0.321131 0.333459 0.319698 0.255258 0.344384 0.380684 0.329933 0.329017 0.340168 0.324847 0.278518 0.308803 0.259882 0.121610 0.285761 0.275842 0.350230 0.251385 0.295147 0.341784 0.280999 0.305612 0.250307 0.250170 0.294344 0.255065 0.367797 0.357865 0.423884 0.398190 0.281450 0.257425 0.290698 0.440072 0.220052 0.068899 0.024973 0.027800 0.017081
0.436175 0.412150 0.299210 0.263173 0.292404 0.331512 0.256998 0.288984 0.300342 0.367437 0.358771 0.294865 0.180489 0.227414 0.233783 0.336847 0.335154 0.296216 0.201332 0.158774 0.081035 0.291800 0.344568 0.256418 0.174037 0.182252 0.210868 0.321277 0.317405 0.352234 0.340616 0.375848 0.268157 0.369415 0.331512 0.213224 0.276989 0.123455 0.165015 0.267021 0.231321 0.235856 0.226998 0.324693 0.222972 0.238941 0.265740 0.208474 0.232815 0.218381 0.271437 0.281045 0.242254 0.315353 0.322246 0.269681 0.237966 0.287851 0.301096 0.446310 0.497434 0.504428 0.383531
0.237771 0.304108 0.280236 0.311052 0.233473 0.315539 0.345482 0.295414 0.204141 0.347128 0.337779 0.293809 0.288041 0.331501 0.350445 0.251129 0.244201 0.231517 0.259123 0.213434 0.078042 0.075802 0.093148 0.138305 0.261052 0.244395 0.209089 0.273342 0.204531 0.324104 0.300719 0.277754 0.215728 0.226029 0.297511 0.309791 0.194215 0.221314 0.106332 0.168230 0.093818 0.268051 0.240501 0.355506 0.219634 0.132837 0.254690 0.191030 0.234646 0.206935 0.104680 0.251678 0.184162 0.194812 0.264713 0.316846 0.189636 0.139785 0.216787 0.294487 0.236014 0.181653 0.219347
0.093917 0.063015 0.223673 0.263173 0.305988 0.305988 0.130249 0.419240 0.146676 0.229950 0.135361 0.260564 0.263943 0.313497 0.331371 0.227691 0.262064 0.270631 0.323249 0.299965 0.063024 0.089840 0.244395 0.187126 0.271716 0.327053 0.387965 0.300907 0.220747 0.199763 0.330218 0.262402 0.239721 0.138400 0.210670 0.342950 0.233091 0.250998 0.169033 0.107734 0.103852 0.295244 0.236960 0.319830 0.244539 0.105005 0.257288 0.204835 0.258737 0.222298 0.073634 0.189237 0.219741 0.056551 0.144239 0.124413 0.148688 0.074449 0.012189 0.073064 0.133296 0.168430 0.045011
0.170290 0.114260 0.104609 0.072962 0.063289 0.106968 0.119430 0.065649 0.092651 0.098528 0.228971 0.262595 0.225411 0.322855 0.355688 0.347676 0.274502 0.181853 0.207759 0.171425 0.097506 0.380150 0.374710 0.286162 0.345281 0.321146 0.347128 0.262209 0.278518 0.144252 0.203547 0.269274 0.312704 0.184445 0.076999 0.307802 0.396257 0.341636 0.236546 0.067716 0.067716 0.305811 0.324475 0.317778 0.160056 0.100556 0.255065 0.248864 0.236795 0.288801 0.053517 0.226225 0.279696 0.045217 0.056479 0.114043 0.042330 0.142215 0.203547 0.115802 0.000413 0.012710 0.067459
0.258155 0.210080 0.206376 0.165020 0.158111 0.157567 0.133093 0.079284 0.068875 0.020522 0.018174 0.101305 0.099163 0.374973 0.355506 0.394674 0.310490 0.325032 0.307114 0.134934 0.097867 0.307669 0.249758 0.283477 0.385306 0.398272 0.239857 0.286521 0.201961 0.232400 0.123928 0.225194 0.268867 0.129641 0.033593 0.230147 0.099744 0.094757 0.121302 0.052212 0.050876 0.187044 0.217181 0.240111 0.201564 0.048463 0.254097 0.231908 0.261824 0.260292 0.145049 0.035687 0.203435 0.164613 0.052019 0.054079 0.049134 0.014255 0.000584 0.043980 0.151112 0.035729 0.035522
0.318770 0.313963 0.339800 0.275647 0.275647 0.350777 0.294478 0.182753 0.379794 0.156066 0.103251 0.115619 0.092439 0.058117 0.163406 0.271820 0.350959 0.420274 0.229631 0.211065 0.105093 0.247505 0.277563 0.330218 0.389677 0.394044 0.376403 0.330773 0.316099 0.211855 0.065158 0.277372 0.169581 0.000000 0.009149 0.017889 0.049821 0.049828 0.044608 0.018866 0.059228 0.002963 0.000588 0.000840 0.036271 0.039042 0.032014 0.039030 0.060258 0.099260 0.033717 0.037912 0.068693 0.164210 0.225637 0.171641 0.153534 0.224066 0.226029 0.149496 0.079378 0.192424 0.180053
0.352777 0.362569 0.524005 0.434816 0.366502 0.266284 0.288549 0.288549 0.355847 0.335154 0.154196 0.130020 0.095371 0.118044 0.011982 0.017234 0.010743 0.158776 0.213040 0.230324 0.044920 0.299421 0.330325 0.280236 0.244814 0.284952 0.173446 0.299210 0.342553 0.290192 0.147274 0.018589 0.003725 0.002087 0.088406 0.232496 0.272394 0.051831 0.296378 0.424571 0.433115 0.211460 0.289181 0.125575 0.050944 0.003306 0.009726 0.009681 0.007016 0.007627 0.034757 0.011363 0.013002 0.015037 0.016448 0.018152 0.016877 0.009974 0.004299 0.001953 0.001843 0.002383 0.004307
0.395730 0.421306 0.439115 0.429618 0.468265 0.420159 0.313521 0.457347 0.451490 0.419428 0.351476 0.264168 0.325218 0.304482 0.254097 0.091070 0.035451 0.059702 0.055626 0.053158 0.035816 0.158172 0.280101 0.360943 0.436514 0.285490 0.216153 0.219150 0.166221 0.084099 0.030239 0.026597 0.132890 0.270479 0.213040 0.306209 0.207902 0.093489 0.243989 0.305811 0.263835 0.257385 0.272664 0.149294 0.294298 0.191827 0.233864 0.345482 0.358408 0.272396 0.383708 0.406935 0.422338 0.381219 0.304484 0.287471 0.249640 0.171441 0.120895 0.093323 0.067254 0.042743 0.028773
0.435495 0.496316 0.403226 0.355334 0.322592 0.354178 0.356958 0.341452 0.260564 0.288581 0.253741 0.381397 0.356414 0.269409 0.335675 0.235037 0.428338 0.394850 0.476131 0.317063 0.174047 0.002597 0.198587 0.269902 0.214421 0.276416 0.185049 0.003258 0.009219 0.037824 0.036664 0.333358 0.291078 0.368114 0.416651 0.270631 0.217969 0.064475 0.239526 0.286141 0.229167 0.308616 0.202874 0.325403 0.304880 0.312923 0.308991 0.215998 0.209872 0.164613 0.175049 0.209880 0.288991 0.320386 0.337043 0.289560 0.252500 0.233082 0.232886 0.139380 0.135760 0.055023 0.009297
0.465794 0.450840 0.212665 0.283202 0.314606 0.342369 0.373003 0.249072 0.327315 0.413563 0.418550 0.479877 0.343857 0.410241 0.402732 0.442942 0.437362 0.430729 0.335154 0.361739 0.321803 0.213435 0.034208 0.010270 0.005438 0.012912 0.010630 0.119877 0.259895 0.205725 0.061552 0.115598 0.174686 0.259063 0.207215 0.294077 0.282932 0.351688 0.312968 0.330979 0.384419 0.388426 0.344384 0.375509 0.337963 0.339433 0.272393 0.205956 0.181337 0.168029 0.180053 0.162400 0.097418 0.070133 0.138164 0.218953 0.284619 0.224459 0.162199 0.098731 0.061081 0.000767 0.000681
0.277205 0.472206 0.496156 0.418086 0.353144 0.421306 0.414910 0.377743 0.405819 0.408160 0.399769 0.541027 0.525862 0.490225 0.532329 0.530640 0.521368 0.450002 0.356777 0.265060 0.201167 0.041068 0.041799 0.274120 0.373003 0.175851 0.035840 0.309659 0.290460 0.201564 0.324290 0.054900 0.061287 0.331881 0.293006 0.297322 0.372286 0.376582 0.358540 0.370147 0.309366 0.407806 0.244784 0.166623 0.247699 0.305988 0.326701 0.192424 0.078557 0.026712 0.027119 0.008418 0.002468 0.008000 0.018936 0.025625 0.021074 0.013427 0.011013 0.009682 0.005976 0.035729 0.026853
