docker_testcase/datasets_hmc/static_data/gridded/liguria/liguria.cn.txt
ncols   559
nrows   167
xllcorner    7.4952
yllcorner    43.7565
cellsize    0.005007
NODATA_value -9999
[rows 66 to 98 of 167, columns 444 to 517 of 559]
66.5 66.0 64.0 59.4 62.0 64.2 60.6 65.1 54.3 54.7 59.3 59.7 61.9 47.0 47.0 47.0 47.0 47.0 47.0 47.0 47.0 47.0 47.7 55.8 59.0 59.9 59.9 59.9 59.9 59.9 59.9 59.9 59.6 71.4 63.4 60.6 59.9 59.9 59.9 60.1 68.6 66.3 66.1 69.6 70.0 66.8 59.4 60.2 60.3 60.0 59.1 58.5 54.0 59.8 58.4 60.4 59.1 58.3 60.8 56.7 58.7 61.6 61.3 59.2 59.0 66.2 63.3 58.8 59.9 59.9 59.9 59.9 59.9 59.9
67.5 73.0 68.6 66.6 71.8 73.0 73.0 60.0 53.9 47.0 47.0 47.0 47.0 50.9 48.9 47.0 49.9 47.4 58.0 47.0 47.0 47.2 51.7 53.2 49.0 60.2 58.9 58.9 59.9 59.9 59.9 60.1 60.5 61.6 67.8 65.1 60.0 60.1 59.0 73.0 73.0 68.7 60.7 60.0 60.7 56.9 59.6 63.8 69.4 63.7 63.3 61.8 60.7 62.9 65.9 59.9 58.5 55.3 57.1 59.3 71.1 61.0 61.8 58.4 68.1 73.0 61.6 60.5 60.5 60.5 60.1 60.1 60.1 59.9
66.9 73.0 73.0 68.1 69.6 71.5 73.0 62.1 60.3 47.0 47.0 47.0 47.0 47.0 47.0 47.0 47.0 47.0 56.9 58.3 48.6 60.4 47.7 58.7 60.9 61.0 47.0 47.1 56.7 59.9 60.8 59.5 59.9 59.9 59.9 60.3 61.8 59.2 59.2 61.6 60.0 62.0 62.7 61.4 64.4 59.1 47.4 63.0 66.2 63.6 61.1 72.3 59.6 60.0 61.7 60.9 59.8 60.6 73.0 73.0 54.9 54.6 55.8 59.2 69.1 73.0 68.5 63.7 65.7 65.7 64.2 59.6 59.5 61.6
67.5 68.0 73.0 70.9 63.0 73.0 73.0 73.0 68.1 53.0 47.0 47.0 48.0 59.1 52.0 57.0 47.0 47.0 53.4 60.0 61.7 63.1 58.7 56.1 59.7 59.7 47.0 47.0 49.2 59.9 59.9 59.9 60.7 59.9 59.9 60.0 60.0 62.0 63.9 61.6 59.1 61.8 47.8 60.0 69.7 59.1 52.2 47.0 66.9 56.6 61.1 62.6 61.2 57.5 60.8 68.4 59.2 54.9 55.1 56.3 56.9 53.8 53.0 61.5 60.7 69.6 67.9 60.8 58.4 63.9 64.1 59.8 66.9 69.7
73.0 73.0 67.7 59.2 73.0 73.0 73.0 73.0 73.0 73.0 58.5 48.7 54.1 64.5 61.1 60.0 47.0 47.6 59.9 59.9 59.9 59.9 59.9 59.9 57.1 47.0 47.0 49.2 60.2 59.9 59.9 58.9 66.0 60.3 59.9 60.3 60.3 73.0 67.5 59.9 59.9 58.1 54.3 59.0 63.2 65.8 73.0 59.0 71.0 61.1 67.7 59.6 63.9 59.7 67.7 58.3 54.9 56.1 60.4 66.6 59.8 55.5 54.9 56.5 57.5 58.7 61.0 50.4 58.4 64.1 59.8 65.0 60.3 61.5
73.0 58.1 58.0 68.8 73.0 73.0 73.0 73.0 73.0 73.0 73.0 61.5 61.5 60.6 56.6 55.7 50.2 59.5 59.9 59.9 59.9 59.9 59.9 59.9 59.9 58.2 52.8 60.5 64.7 59.9 59.9 60.3 72.7 61.5 59.7 60.2 59.9 59.9 59.9 59.9 59.9 59.9 58.7 68.5 72.1 69.7 51.5 47.0 69.7 62.5 67.8 64.9 62.1 60.1 73.0 60.1 56.5 61.0 71.6 73.0 66.0 54.9 54.9 58.8 61.2 58.0 61.9 61.1 62.7 63.9 66.8 72.0 64.7 58.9
47.0 47.0 73.0 73.0 72.1 63.8 64.9 65.5 69.6 70.6 72.2 73.0 73.0 73.0 61.2 73.0 71.7 57.0 61.1 59.9 59.9 59.9 59.9 59.9 59.9 58.3 47.7 47.0 50.0 66.2 60.4 59.9 60.1 61.8 59.7 59.9 59.9 59.9 61.2 61.2 59.9 59.9 59.9 59.2 70.9 56.2 52.9 47.0 54.5 59.6 66.0 58.1 54.9 55.5 55.3 55.3 60.9 73.0 73.0 69.7 69.6 66.4 55.6 54.1 52.1 55.5 57.4 58.8 58.4 57.8 59.2 61.2 73.0 69.8
70.8 59.8 61.2 58.6 54.4 47.0 55.9 60.5 65.9 66.5 69.6 73.0 73.0 73.0 73.0 73.0 73.0 73.0 72.3 61.6 59.9 60.6 60.6 59.9 59.9 59.9 59.9 56.9 49.9 61.8 60.1 62.2 60.9 60.9 59.9 60.9 61.1 61.1 61.6 73.0 71.6 58.1 63.8 59.9 59.9 59.9 59.9 57.0 47.0 51.2 64.2 73.0 56.9 59.4 59.3 61.6 58.3 70.3 67.6 66.5 58.6 59.6 60.4 56.9 58.4 58.7 56.1 59.1 59.2 60.0 60.2 60.9 60.3 67.5
65.9 65.9 65.9 65.9 65.9 65.9 68.3 73.0 67.2 65.1 65.9 66.4 71.8 73.0 73.0 73.0 73.0 73.0 73.0 73.0 60.0 64.8 65.8 62.0 60.2 60.4 60.4 60.1 58.1 68.6 51.9 69.8 69.8 67.8 62.0 71.4 73.0 73.0 72.3 59.9 59.9 59.9 59.9 59.9 59.9 59.9 59.9 59.9 54.5 50.2 73.0 71.4 60.2 59.0 62.8 69.8 66.1 67.3 66.5 59.4 55.0 55.0 54.1 54.7 55.8 51.7 58.3 62.6 61.7 55.6 55.1 51.4 67.2 58.8
61.9 65.9 65.9 65.7 65.7 65.9 64.9 64.5 73.0 61.2 65.9 65.9 67.6 72.4 73.0 73.0 73.0 73.0 73.0 73.0 72.7 59.3 73.0 69.1 61.4 63.5 64.2 60.9 59.0 61.2 59.8 60.7 60.1 60.1 59.9 61.2 63.8 61.6 63.5 63.0 58.1 61.6 59.9 60.0 60.0 60.0 60.0 59.9 55.9 48.2 73.0 73.0 60.3 58.3 65.5 64.1 61.3 56.0 53.8 49.8 59.4 58.2 52.7 48.3 56.3 55.8 60.0 67.0 58.5 61.0 59.4 54.6 54.4 53.1
65.9 65.9 65.9 65.5 64.0 65.9 65.6 63.3 64.7 63.6 65.9 65.9 67.2 73.0 61.0 63.8 69.8 70.5 73.0 73.0 73.0 58.7 65.9 65.9 67.0 68.5 73.0 73.0 73.0 62.0 66.3 67.3 67.2 58.5 60.2 60.2 59.9 62.0 65.9 65.9 65.3 63.8 61.2 60.3 59.8 68.0 61.8 60.4 60.9 63.3 73.0 73.0 73.0 65.4 65.4 65.7 71.7 72.5 67.5 60.2 68.4 73.0 70.4 55.8 55.0 66.0 56.1 59.9 61.8 71.2 73.0 54.8 52.1 56.1
66.6 66.0 66.6 65.3 60.0 65.0 62.0 65.9 63.5 57.2 64.8 65.9 65.8 64.6 61.3 60.9 60.4 58.5 70.1 69.9 71.2 70.7 65.2 64.9 68.5 73.0 73.0 73.0 61.3 62.7 64.4 60.6 60.4 61.4 60.5 59.4 59.9 59.9 61.3 63.5 59.6 62.2 59.4 71.0 60.9 59.1 58.9 62.1 60.9 67.3 73.0 66.5 71.0 62.3 57.1 50.1 58.3 58.3 63.7 73.0 58.5 48.5 73.0 67.4 58.6 59.9 57.3 60.1 60.3 73.0 73.0 61.4 61.4 60.1
73.0 68.4 69.1 73.0 65.9 65.9 66.2 66.2 66.0 63.3 56.0 58.7 66.7 66.7 65.3 63.4 61.6 61.1 61.3 60.3 60.6 60.6 59.7 56.3 59.6 65.9 73.0 73.0 62.6 66.8 71.4 66.2 66.2 73.0 67.3 60.3 60.3 60.5 59.9 59.9 59.9 59.9 61.9 62.9 59.3 57.7 48.7 60.9 71.3 58.4 68.5 62.3 60.1 53.5 47.0 56.5 65.1 65.2 64.8 66.6 70.5 66.6 59.8 52.7 61.3 59.7 57.1 58.9 58.4 60.2 60.3 73.0 70.2 58.8
73.0 73.0 73.0 73.0 61.2 66.2 66.2 68.9 66.9 65.0 61.9 65.9 67.7 73.0 62.7 63.8 68.7 69.8 64.6 65.1 65.9 65.9 65.9 65.9 65.9 65.9 62.9 57.5 66.1 73.0 67.9 73.0 72.8 61.1 61.1 62.1 63.4 69.9 63.6 59.9 59.9 61.6 63.6 63.4 54.8 60.3 60.7 63.4 72.0 64.7 60.2 60.3 65.3 64.3 60.2 56.7 49.9 61.0 60.2 63.9 63.3 69.2 59.9 59.2 54.6 66.0 66.6 67.6 63.0 61.9 61.3 64.4 60.7 59.9
65.9 60.4 60.9 66.6 73.0 69.4 66.2 65.9 65.9 65.9 65.9 65.9 67.7 72.0 62.1 65.4 73.0 66.7 65.1 64.0 61.0 65.1 65.9 65.9 66.4 66.7 63.7 56.7 66.7 70.8 68.7 73.0 73.0 72.4 67.0 73.0 73.0 73.0 70.4 59.9 58.9 70.3 66.8 70.3 65.1 62.8 59.9 59.9 61.6 64.0 65.6 66.0 63.0 68.9 72.1 59.9 60.1 63.5 66.0 65.8 69.2 58.9 73.0 66.2 58.8 61.9 67.6 69.0 71.4 72.9 62.6 59.9 59.9 60.3
61.8 68.8 73.0 69.6 71.6 69.7 68.8 65.9 64.0 61.8 65.9 65.9 65.4 61.9 67.5 73.0 68.0 64.4 61.9 59.9 60.0 61.9 66.7 66.7 68.0 72.2 73.0 63.6 57.9 65.7 72.5 69.7 71.8 73.0 73.0 73.0 73.0 62.4 59.9 60.0 58.3 64.2 60.0 63.7 59.0 59.9 59.9 59.9 61.5 63.1 65.4 61.3 66.3 66.1 63.3 61.9 58.1 62.7 60.0 61.8 65.6 66.3 66.5 58.1 55.0 59.5 60.7 58.2 55.5 67.5 61.2 59.9 60.1 61.3
60.4 66.3 66.7 70.1 72.5 73.0 71.8 64.6 64.2 65.5 64.6 64.6 65.9 65.9 65.9 65.9 65.8 63.8 61.6 60.1 60.7 60.6 73.0 73.0 73.0 72.3 61.6 56.8 54.9 59.6 73.0 60.6 69.5 73.0 73.0 73.0 73.0 73.0 59.0 60.1 60.8 61.4 58.3 62.5 69.0 59.9 59.9 59.9 59.9 59.9 60.0 61.0 58.1 59.9 61.5 61.7 59.9 61.0 60.8 61.5 60.0 65.5 66.0 48.6 60.9 64.0 62.5 67.5 69.4 60.7 60.8 60.7 58.9 61.3
63.6 56.1 56.1 63.6 61.3 73.0 69.9 62.1 56.6 60.9 59.1 55.5 57.5 65.9 65.9 65.9 65.9 64.5 58.2 58.9 60.5 60.2 68.3 65.9 65.9 67.7 73.0 69.6 54.9 54.9 62.0 73.0 73.0 73.0 73.0 73.0 73.0 73.0 73.0 73.0 73.0 73.0 65.5 62.1 60.8 60.4 60.4 60.3 60.3 60.3 60.5 59.9 59.9 59.9 58.9 73.0 72.0 61.5 62.0 59.0 59.9 61.1 60.9 53.9 58.1 53.0 60.7 65.3 61.0 56.9 63.3 59.9 59.9 59.9
67.1 64.7 61.8 55.3 58.8 59.6 65.9 63.9 58.5 60.9 60.8 60.1 60.5 65.9 65.9 65.9 65.9 64.9 59.9 60.7 59.3 59.7 73.0 66.7 67.0 73.0 73.0 70.9 56.6 55.5 61.3 73.0 73.0 73.0 73.0 72.4 53.2 53.2 50.1 47.0 59.8 66.8 67.2 67.2 66.8 63.8 61.6 61.1 61.1 63.0 63.3 60.3 59.9 59.9 60.7 60.7 59.9 59.9 59.9 59.9 59.9 58.9 59.9 59.9 59.4 57.6 61.6 59.9 59.9 59.9 59.9 59.9 59.9 59.9
63.9 63.3 51.1 61.9 59.6 66.0 63.9 59.8 62.2 62.0 62.0 61.8 64.3 65.9 66.8 70.0 66.3 65.9 64.0 61.9 59.5 61.9 73.0 73.0 71.7 66.6 72.8 73.0 73.0 73.0 60.5 58.3 59.6 73.0 73.0 73.0 47.0 54.9 60.5 73.0 67.3 67.1 71.0 71.8 73.0 69.9 64.1 63.2 65.7 73.0 73.0 63.2 59.8 61.2 61.1 64.9 61.4 61.8 61.3 58.6 58.6 55.7 51.1 60.1 61.1 58.7 59.9 59.9 59.9 59.9 59.9 59.9 60.4 61.6
59.0 50.5 60.6 60.8 63.6 63.7 59.4 60.8 66.5 73.0 72.2 66.1 67.5 65.9 66.8 70.5 70.0 65.9 65.9 67.8 73.0 60.0 61.4 71.7 73.0 73.0 66.0 66.2 69.4 73.0 73.0 73.0 57.2 51.3 47.0 47.0 57.9 57.9 61.3 73.0 66.5 69.5 71.0 72.5 73.0 73.0 73.0 73.0 65.4 73.0 73.0 61.1 63.6 63.8 54.9 69.5 69.4 67.5 68.4 60.1 47.0 47.0 48.4 53.1 61.7 59.9 59.9 59.9 59.9 59.9 59.9 58.7 62.7 66.4
59.9 60.7 61.2 63.7 56.1 55.7 55.3 59.7 60.9 73.0 65.9 65.9 65.2 61.1 65.9 65.9 65.9 65.9 66.0 68.3 73.0 73.0 61.5 58.8 73.0 73.0 73.0 66.9 67.8 70.9 73.0 73.0 67.1 47.0 47.0 54.3 58.6 73.0 62.8 73.0 73.0 73.0 62.0 73.0 73.0 73.0 73.0 65.4 73.0 73.0 73.0 61.9 64.9 65.7 59.9 59.9 60.1 60.7 61.3 62.2 60.4 59.2 52.0 52.3 59.2 59.9 58.7 58.7 59.9 59.9 61.2 65.3 73.0 66.8
59.9 59.9 60.2 59.3 59.7 53.8 50.5 55.5 59.4 65.0 65.9 65.9 65.6 64.3 65.4 65.9 65.9 65.9 65.5 66.5 69.6 63.9 72.9 65.9 65.9 65.9 66.4 68.0 70.4 70.4 69.0 66.9 71.5 62.1 47.0 48.4 59.9 73.0 59.5 73.0 59.6 73.0 73.0 61.8 70.0 72.3 70.8 64.5 70.9 70.9 69.0 62.3 65.1 67.1 66.6 61.3 60.8 60.0 60.0 60.4 61.7 68.7 60.8 59.4 60.2 60.3 57.1 52.0 60.2 60.2 61.3 60.0 61.1 59.9
60.5 61.1 60.0 58.4 61.7 55.1 55.7 54.9 55.3 60.8 65.0 65.9 64.6 65.4 62.2 65.9 65.9 65.8 67.4 62.5 65.9 66.8 66.8 65.9 65.9 66.2 69.3 70.2 67.9 65.9 65.9 66.4 71.1 73.0 58.6 47.0 47.0 56.6 59.5 73.0 59.9 73.0 73.0 73.0 60.3 61.4 73.0 73.0 69.5 70.8 70.0 66.5 58.2 65.2 65.1 70.3 66.9 64.9 58.3 58.9 66.7 71.1 60.8 60.6 61.8 71.0 60.4 60.7 60.2 58.6 58.3 58.8 59.9 60.0
63.7 59.3 65.9 65.9 65.3 57.9 57.2 55.5 58.8 55.6 61.5 65.9 64.7 58.5 65.9 65.9 66.0 66.1 61.8 65.9 65.9 67.1 73.0 73.0 66.0 66.0 65.9 65.9 65.9 65.9 65.9 66.0 69.1 73.0 73.0 72.7 59.5 47.0 53.5 53.5 57.1 58.3 73.0 73.0 73.0 59.9 59.9 59.9 61.9 69.4 68.1 62.8 73.0 70.3 73.0 71.4 73.0 73.0 71.4 71.2 72.8 70.7 59.5 60.2 59.1 60.0 60.8 58.5 59.9 59.9 59.4 59.6 60.1 59.9
73.0 72.2 64.9 64.9 65.7 66.6 59.9 59.4 57.8 59.5 59.6 64.7 65.7 65.7 65.9 65.9 65.9 65.9 65.9 65.9 65.9 66.1 69.0 72.8 67.2 71.1 72.7 65.9 65.9 65.9 65.9 66.0 69.5 73.0 73.0 69.5 69.9 47.6 47.0 47.0 58.1 66.5 55.0 61.9 73.0 59.4 59.4 59.6 58.4 58.2 68.4 59.8 59.6 73.0 73.0 73.0 73.0 68.6 68.4 67.1 60.0 59.9 59.9 59.9 59.9 60.1 61.8 58.5 60.8 58.2 59.0 55.3 55.1 54.9
73.0 60.3 60.3 61.1 61.1 60.2 60.5 59.5 55.2 58.8 57.6 58.9 58.7 64.1 65.9 65.9 67.4 65.2 65.0 65.0 65.9 65.9 65.9 67.1 73.0 73.0 73.0 67.8 65.9 65.9 65.9 65.9 67.4 61.2 73.0 73.0 61.4 66.3 73.0 47.0 47.0 49.9 59.6 73.0 62.1 58.6 59.8 59.4 59.8 60.0 58.1 66.6 71.6 73.0 73.0 70.4 70.9 71.6 69.5 67.3 64.1 60.5 59.9 59.9 59.9 59.9 60.5 58.4 60.5 58.5 61.1 61.4 57.1 55.8
64.4 67.2 61.8 60.0 68.7 61.8 60.7 60.0 59.5 55.2 59.4 59.6 56.9 61.7 64.9 67.2 73.0 61.0 58.9 58.3 65.9 65.9 63.2 63.2 73.0 73.0 73.0 73.0 66.1 66.3 66.3 66.3 71.0 73.0 62.5 73.0 63.8 72.8 69.0 73.0 73.0 59.9 47.6 58.8 63.7 73.0 73.0 55.3 56.8 59.7 57.0 59.2 66.0 68.1 65.4 68.8 73.0 71.5 73.0 73.0 66.6 61.5 60.4 59.9 59.9 59.9 59.9 59.9 59.9 60.0 58.9 65.0 65.0 59.5
-9999.0 -9999.0 64.4 73.0 73.0 72.5 60.7 60.1 59.9 59.3 55.4 59.5 59.9 61.4 62.4 61.7 68.1 66.3 66.4 59.6 65.9 67.3 61.0 73.0 73.0 73.0 73.0 73.0 73.0 73.0 72.1 72.1 73.0 73.0 70.3 58.2 60.3 73.0 73.0 73.0 73.0 73.0 47.0 58.1 73.0 62.5 73.0 60.0 64.0 73.0 63.9 63.1 61.2 58.3 61.4 65.1 71.4 62.3 63.7 72.3 73.0 63.3 60.4 59.1 60.5 59.9 59.9 59.9 59.9 61.9 64.3 65.0 59.5 57.1
-9999.0 -9999.0 64.4 68.5 73.0 73.0 60.0 60.1 58.5 60.0 58.1 56.6 59.9 60.7 59.1 60.9 69.7 73.0 73.0 73.0 66.4 73.0 73.0 73.0 73.0 -9999.0 -9999.0 73.0 73.0 73.0 73.0 73.0 73.0 73.0 47.0 58.8 59.3 58.3 59.6 58.7 73.0 73.0 73.0 73.0 67.0 61.5 73.0 73.0 73.0 73.0 58.8 70.7 73.0 73.0 73.0 67.1 66.7 66.5 65.5 60.7 60.2 59.9 59.9 61.9 61.0 59.9 59.9 59.9 59.9 61.0 73.0 71.2 58.7 55.4
-9999.0 -9999.0 -9999.0 73.0 73.0 73.0 72.7 58.9 71.8 58.8 60.2 59.2 58.1 60.3 62.2 64.4 63.8 73.0 73.0 -9999.0 -9999.0 -9999.0 -9999.0 -9999.0 -9999.0 -9999.0 -9999.0 -9999.0 73.0 73.0 73.0 73.0 73.0 73.0 63.0 52.9 73.0 73.0 70.3 56.9 73.0 73.0 73.0 59.5 56.6 54.9 59.9 73.0 73.0 73.0 64.4 63.3 73.0 73.0 73.0 73.0 73.0 64.3 69.1 58.8 61.6 61.3 58.5 65.1 62.6 59.9 59.9 59.9 59.9 59.9 60.5 58.7 61.1 60.4
-9999.0 -9999.0 -9999.0 -9999.0 72.2 73.0 73.0 73.0 61.5 60.6 59.7 59.7 57.3 59.6 61.4 67.8 73.0 73.0 -9999.0 -9999.0 -9999.0 -9999.0 -9999.0 -9999.0 -9999.0 -9999.0 -9999.0 -9999.0 -9999.0 64.4 73.0 73.0 73.0 73.0 58.2 61.1 73.0 66.3 60.3 61.4 60.7 62.4 73.0 66.8 60.4 54.9 54.9 54.9 60.4 73.0 73.0 73.0 73.0 73.0 73.0 60.0 61.9 70.1 70.1 70.4 68.2 62.7 59.1 58.6 58.2 60.3 60.9 60.9 60.9 59.9 60.7 62.0 60.9 59.8
-9999.0 -9999.0 -9999.0 -9999.0 -9999.0 73.0 73.0 73.0 70.2 60.5 60.4 59.3 59.4 56.0 57.5 60.3 58.6 73.0 -9999.0 -9999.0 -9999.0 -9999.0 -9999.0 -9999.0 -9999.0 -9999.0 -9999.0 -9999.0 -9999.0 -9999.0 64.4 73.0 73.0 73.0 59.7 66.5 64.9 61.9 58.5 59.3 68.6 68.3 73.0 73.0 61.9 54.9 55.9 55.9 61.8 73.0 63.6 61.2 73.0 73.0 73.0 73.0 73.0 73.0 64.3 66.5 62.4 62.0 62.4 73.0 60.0 61.3 65.8 65.9 65.9 63.5 59.2 63.9 64.4 60.5
