docker_testcase/datasets_hmc/static_data/gridded/liguria/liguria.lon.txt
ncols          559
nrows          167
xllcorner       7.4952
yllcorner      43.7565
cellsize     0.005007
NODATA_value        -9999
[rows 64 to 95 of 167, columns 0 to 71 of 559]
-9999 -9999 7.50772 7.51272 7.51773 7.52274 7.52775 7.53275 7.53776 7.54277 7.54777 7.55278 7.55779 7.56279 7.5678 7.57281 7.57782 7.58282 7.58783 7.59284 7.59784 7.60285 7.60786 7.61286 7.61787 7.62288 7.62789 7.63289 7.6379 7.64291 7.64791 7.65292 7.65793 7.66293 7.66794 7.67295 7.67796 7.68296 7.68797 7.69298 7.69798 7.70299 7.708 7.713 7.71801 7.72302 7.72803 7.73303 7.73804 7.74305 7.74805 7.75306 7.75807 7.76307 7.76808 7.77309 7.7781 7.7831 7.78811 7.79312 7.79812 7.80313 7.80814 7.81314 7.81815 7.82316 7.82817 7.83317 7.83818 7.84319 7.84819 7.8532
-9999 -9999 7.50772 7.51272 7.51773 7.52274 7.52775 7.53275 7.53776 7.54277 7.54777 7.55278 7.55779 7.56279 7.5678 7.57281 7.57782 7.58282 7.58783 7.59284 7.59784 7.60285 7.60786 7.61286 7.61787 7.62288 7.62789 7.63289 7.6379 7.64291 7.64791 7.65292 7.65793 7.66293 7.66794 7.67295 7.67796 7.68296 7.68797 7.69298 7.69798 7.70299 7.708 7.713 7.71801 7.72302 7.72803 7.73303 7.73804 7.74305 7.74805 7.75306 7.75807 7.76307 7.76808 7.77309 7.7781 7.7831 7.78811 7.79312 7.79812 7.80313 7.80814 7.81314 7.81815 7.82316 7.82817 7.83317 7.83818 7.84319 7.84819 7.8532
-9999 -9999 7.50772 7.51272 7.51773 7.52274 7.52775 7.53275 7.53776 7.54277 7.54777 7.55278 7.55779 7.56279 7.5678 7.57281 7.57782 7.58282 7.58783 7.59284 7.59784 7.60285 7.60786 7.61286 7.61787 7.62288 7.62789 7.63289 7.6379 7.64291 7.64791 7.65292 7.65793 7.66293 7.66794 7.67295 7.67796 7.68296 7.68797 7.69298 7.69798 7.70299 7.708 7.713 7.71801 7.72302 7.72803 7.73303 7.73804 7.74305 7.74805 7.75306 7.75807 7.76307 7.76808 7.77309 7.7781 7.7831 7.78811 7.79312 7.79812 7.80313 7.80814 7.81314 7.81815 7.82316 7.82817 7.83317 7.83818 7.84319 7.84819 7.8532
-9999 -9999 7.50772 7.51272 7.51773 7.52274 7.52775 7.53275 7.53776 7.54277 7.54777 7.55278 7.55779 7.56279 7.5678 7.57281 7.57782 7.58282 7.58783 7.59284 7.59784 7.60285 7.60786 7.61286 7.61787 7.62288 7.62789 7.63289 7.6379 7.64291 7.64791 7.65292 7.65793 7.66293 7.66794 7.67295 7.67796 7.68296 7.68797 7.69298 7.69798 7.70299 7.708 7.713 7.71801 7.72302 7.72803 7.73303 7.73804 7.74305 7.74805 7.75306 7.75807 7.76307 7.76808 7.77309 7.7781 7.7831 7.78811 7.79312 7.79812 7.80313 7.80814 7.81314 7.81815 7.82316 7.82817 7.83317 7.83818 7.84319 7.84819 7.8532
-9999 -9999 7.50772 7.51272 7.51773 7.52274 7.52775 7.53275 7.53776 7.54277 7.54777 7.55278 7.55779 7.56279 7.5678 7.57281 7.57782 7.58282 7.58783 7.59284 7.59784 7.60285 7.60786 7.61286 7.61787 7.62288 7.62789 7.63289 7.6379 7.64291 7.64791 7.65292 7.65793 7.66293 7.66794 7.67295 7.67796 7.68296 7.68797 7.69298 7.69798 7.70299 7.708 7.713 7.71801 7.72302 7.72803 7.73303 7.73804 7.74305 7.74805 7.75306 7.75807 7.76307 7.76808 7.77309 7.7781 7.7831 7.78811 7.79312 7.79812 7.80313 7.80814 7.81314 7.81815 7.82316 7.82817 7.83317 7.83818 7.84319 7.84819 7.8532
-9999 -9999 7.50772 7.51272 7.51773 7.52274 7.52775 7.53275 7.53776 7.54277 7.54777 7.55278 7.55779 7.56279 7.5678 7.57281 7.57782 7.58282 7.58783 7.59284 7.59784 7.60285 7.60786 7.61286 7.61787 7.62288 7.62789 7.63289 7.6379 7.64291 7.64791 7.65292 7.65793 7.66293 7.66794 7.67295 7.67796 7.68296 7.68797 7.69298 7.69798 7.70299 7.708 7.713 7.71801 7.72302 7.72803 7.73303 7.73804 7.74305 7.74805 7.75306 7.75807 7.76307 7.76808 7.77309 7.7781 7.7831 7.78811 7.79312 7.79812 7.80313 7.80814 7.81314 7.81815 7.82316 7.82817 7.83317 7.83818 7.84319 7.84819 7.8532
-9999 -9999 7.50772 7.51272 7.51773 7.52274 7.52775 7.53275 7.53776 7.54277 7.54777 7.55278 7.55779 7.56279 7.5678 7.57281 7.57782 7.58282 7.58783 7.59284 7.59784 7.60285 7.60786 7.61286 7.61787 7.62288 7.62789 7.63289 7.6379 7.64291 7.64791 7.65292 7.65793 7.66293 7.66794 7.67295 7.67796 7.68296 7.68797 7.69298 7.69798 7.70299 7.708 7.713 7.71801 7.72302 7.72803 7.73303 7.73804 7.74305 7.74805 7.75306 7.75807 7.76307 7.76808 7.77309 7.7781 7.7831 7.78811 7.79312 7.79812 7.80313 7.80814 7.81314 7.81815 7.82316 7.82817 7.83317 7.83818 7.84319 7.84819 7.8532
-9999 -9999 7.50772 7.51272 7.51773 7.52274 7.52775 7.53275 7.53776 7.54277 7.54777 7.55278 7.55779 7.56279 7.5678 7.57281 7.57782 7.58282 7.58783 7.59284 7.59784 7.60285 7.60786 7.61286 7.61787 7.62288 7.62789 7.63289 7.6379 7.64291 7.64791 7.65292 7.65793 7.66293 7.66794 7.67295 7.67796 7.68296 7.68797 7.69298 7.69798 7.70299 7.708 7.713 7.71801 7.72302 7.72803 7.73303 7.73804 7.74305 7.74805 7.75306 7.75807 7.76307 7.76808 7.77309 7.7781 7.7831 7.78811 7.79312 7.79812 7.80313 7.80814 7.81314 7.81815 7.82316 7.82817 7.83317 7.83818 7.84319 7.84819 7.8532
-9999 -9999 7.50772 7.51272 7.51773 7.52274 7.52775 7.53275 7.53776 7.54277 7.54777 7.55278 7.55779 7.56279 7.5678 7.57281 7.57782 7.58282 7.58783 7.59284 7.59784 7.60285 7.60786 7.61286 7.61787 7.62288 7.62789 7.63289 7.6379 7.64291 7.64791 7.65292 7.65793 7.66293 7.66794 7.67295 7.67796 7.68296 7.68797 7.69298 7.69798 7.70299 7.708 7.713 7.71801 7.72302 7.72803 7.73303 7.73804 7.74305 7.74805 7.75306 7.75807 7.76307 7.76808 7.77309 7.7781 7.7831 7.78811 7.79312 7.79812 7.80313 7.80814 7.81314 7.81815 7.82316 7.82817 7.83317 7.83818 7.84319 7.84819 7.8532
-9999 -9999 7.50772 7.51272 7.51773 7.52274 7.52775 7.53275 7.53776 7.54277 7.54777 7.55278 7.55779 7.56279 7.5678 7.57281 7.57782 7.58282 7.58783 7.59284 7.59784 7.60285 7.60786 7.61286 7.61787 7.62288 7.62789 7.63289 7.6379 7.64291 7.64791 7.65292 7.65793 7.66293 7.66794 7.67295 7.67796 7.68296 7.68797 7.69298 7.69798 7.70299 7.708 7.713 7.71801 7.72302 7.72803 7.73303 7.73804 7.74305 7.74805 7.75306 7.75807 7.76307 7.76808 7.77309 7.7781 7.7831 7.78811 7.79312 7.79812 7.80313 7.80814 7.81314 7.81815 7.82316 7.82817 7.83317 7.83818 7.84319 7.84819 7.8532
-9999 -9999 7.50772 7.51272 7.51773 7.52274 7.52775 7.53275 7.53776 7.54277 7.54777 7.55278 7.55779 7.56279 7.5678 7.57281 7.57782 7.58282 7.58783 7.59284 7.59784 7.60285 7.60786 7.61286 7.61787 7.62288 7.62789 7.63289 7.6379 7.64291 7.64791 7.65292 7.65793 7.66293 7.66794 7.67295 7.67796 7.68296 7.68797 7.69298 7.69798 7.70299 7.708 7.713 7.71801 7.72302 7.72803 7.73303 7.73804 7.74305 7.74805 7.75306 7.75807 7.76307 7.76808 7.77309 7.7781 7.7831 7.78811 7.79312 7.79812 7.80313 7.80814 7.81314 7.81815 7.82316 7.82817 7.83317 7.83818 7.84319 7.84819 7.8532
-9999 -9999 7.50772 7.51272 7.51773 7.52274 7.52775 7.53275 7.53776 7.54277 7.54777 7.55278 7.55779 7.56279 7.5678 7.57281 7.57782 7.58282 7.58783 7.59284 7.59784 7.60285 7.60786 7.61286 7.61787 7.62288 7.62789 7.63289 7.6379 7.64291 7.64791 7.65292 7.65793 7.66293 7.66794 7.67295 7.67796 7.68296 7.68797 7.69298 7.69798 7.70299 7.708 7.713 7.71801 7.72302 7.72803 7.73303 7.73804 7.74305 7.74805 7.75306 7.75807 7.76307 7.76808 7.77309 7.7781 7.7831 7.78811 7.79312 7.79812 7.80313 7.80814 7.81314 7.81815 7.82316 7.82817 7.83317 7.83818 7.84319 7.84819 7.8532
-9999 -9999 7.50772 7.51272 7.51773 7.52274 7.52775 7.53275 7.53776 7.54277 7.54777 7.55278 7.55779 7.56279 7.5678 7.57281 7.57782 7.58282 7.58783 7.59284 7.59784 7.60285 7.60786 7.61286 7.61787 7.62288 7.62789 7.63289 7.6379 7.64291 7.64791 7.65292 7.65793 7.66293 7.66794 7.67295 7.67796 7.68296 7.68797 7.69298 7.69798 7.70299 7.708 7.713 7.71801 7.72302 7.72803 7.73303 7.73804 7.74305 7.74805 7.75306 7.75807 7.76307 7.76808 7.77309 7.7781 7.7831 7.78811 7.79312 7.79812 7.80313 7.80814 7.81314 7.81815 7.82316 7.82817 7.83317 7.83818 7.84319 7.84819 7.8532
-9999 -9999 7.50772 7.51272 7.51773 7.52274 7.52775 7.53275 7.53776 7.54277 7.54777 7.55278 7.55779 7.56279 7.5678 7.57281 7.57782 7.58282 7.58783 7.59284 7.59784 7.60285 7.60786 7.61286 7.61787 7.62288 7.62789 7.63289 7.6379 7.64291 7.64791 7.65292 7.65793 7.66293 7.66794 7.67295 7.67796 7.68296 7.68797 7.69298 7.69798 7.70299 7.708 7.713 7.71801 7.72302 7.72803 7.73303 7.73804 7.74305 7.74805 7.75306 7.75807 7.76307 7.76808 7.77309 7.7781 7.7831 7.78811 7.79312 7.79812 7.80313 7.80814 7.81314 7.81815 7.82316 7.82817 7.83317 7.83818 7.84319 7.84819 7.8532
-9999 -9999 7.50772 7.51272 7.51773 7.52274 7.52775 7.53275 7.53776 7.54277 7.54777 7.55278 7.55779 7.56279 7.5678 7.57281 7.57782 7.58282 7.58783 7.59284 7.59784 7.60285 7.60786 7.61286 7.61787 7.62288 7.62789 7.63289 7.6379 7.64291 7.64791 7.65292 7.65793 7.66293 7.66794 7.67295 7.67796 7.68296 7.68797 7.69298 7.69798 7.70299 7.708 7.713 7.71801 7.72302 7.72803 7.73303 7.73804 7.74305 7.74805 7.75306 7.75807 7.76307 7.76808 7.77309 7.7781 7.7831 7.78811 7.79312 7.79812 7.80313 7.80814 7.81314 7.81815 7.82316 7.82817 7.83317 7.83818 7.84319 7.84819 7.8532
-9999 -9999 7.50772 7.51272 7.51773 7.52274 7.52775 7.53275 7.53776 7.54277 7.54777 7.55278 7.55779 7.56279 7.5678 7.57281 7.57782 7.58282 7.58783 7.59284 7.59784 7.60285 7.60786 7.61286 7.61787 7.62288 7.62789 7.63289 7.6379 7.64291 7.64791 7.65292 7.65793 7.66293 7.66794 7.67295 7.67796 7.68296 7.68797 7.69298 7.69798 7.70299 7.708 7.713 7.71801 7.72302 7.72803 7.73303 7.73804 7.74305 7.74805 7.75306 7.75807 7.76307 7.76808 7.77309 7.7781 7.7831 7.78811 7.79312 7.79812 7.80313 7.80814 7.81314 7.81815 7.82316 7.82817 7.83317 7.83818 7.84319 7.84819 7.8532
-9999 -9999 7.50772 7.51272 7.51773 7.52274 7.52775 7.53275 7.53776 7.54277 7.54777 7.55278 7.55779 7.56279 7.5678 7.57281 7.57782 7.58282 7.58783 7.59284 7.59784 7.60285 7.60786 7.61286 7.61787 7.62288 7.62789 7.63289 7.6379 7.64291 7.64791 7.65292 7.65793 7.66293 7.66794 7.67295 7.67796 7.68296 7.68797 7.69298 7.69798 7.70299 7.708 7.713 7.71801 7.72302 7.72803 7.73303 7.73804 7.74305 7.74805 7.75306 7.75807 7.76307 7.76808 7.77309 7.7781 7.7831 7.78811 7.79312 7.79812 7.80313 7.80814 7.81314 7.81815 7.82316 7.82817 7.83317 7.83818 7.84319 7.84819 7.8532
-9999 -9999 7.50772 7.51272 7.51773 7.52274 7.52775 7.53275 7.53776 7.54277 7.54777 7.55278 7.55779 7.56279 7.5678 7.57281 7.57782 7.58282 7.58783 7.59284 7.59784 7.60285 7.60786 7.61286 7.61787 7.62288 7.62789 7.63289 7.6379 7.64291 7.64791 7.65292 7.65793 7.66293 7.66794 7.67295 7.67796 7.68296 7.68797 7.69298 7.69798 7.70299 7.708 7.713 7.71801 7.72302 7.72803 7.73303 7.73804 7.74305 7.74805 7.75306 7.75807 7.76307 7.76808 7.77309 7.7781 7.7831 7.78811 7.79312 7.79812 7.80313 7.80814 7.81314 7.81815 7.82316 7.82817 7.83317 7.83818 7.84319 7.84819 7.8532
-9999 -9999 7.50772 7.51272 7.51773 7.52274 7.52775 7.53275 7.53776 7.54277 7.54777 7.55278 7.55779 7.56279 7.5678 7.57281 7.57782 7.58282 7.58783 7.59284 7.59784 7.60285 7.60786 7.61286 7.61787 7.62288 -9999 -9999 -9999 -9999 -9999 -9999 -9999 -9999 -9999 -9999 -9999 -9999 -9999 7.69298 7.69798 7.70299 7.708 7.713 7.71801 7.72302 7.72803 7.73303 7.73804 7.74305 7.74805 7.75306 7.75807 7.76307 7.76808 7.77309 7.7781 7.7831 7.78811 7.79312 7.79812 7.80313 7.80814 7.81314 7.81815 7.82316 7.82817 7.83317 7.83818 7.84319 7.84819 7.8532
-9999 -9999 7.50772 7.51272 7.51773 7.52274 7.52775 7.53275 7.53776 7.54277 7.54777 7.55278 7.55779 7.56279 7.5678 7.57281 7.57782 7.58282 7.58783 7.59284 7.59784 7.60285 7.60786 7.61286 7.61787 7.62288 -9999 -9999 -9999 -9999 -9999 -9999 -9999 -9999 -9999 -9999 -9999 -9999 -9999 7.69298 7.69798 7.70299 7.708 7.713 7.71801 7.72302 7.72803 7.73303 7.73804 7.74305 7.74805 7.75306 7.75807 7.76307 7.76808 7.77309 7.7781 7.7831 7.78811 7.79312 7.79812 7.80313 7.80814 7.81314 7.81815 7.82316 7.82817 7.83317 7.83818 7.84319 7.84819 7.8532
-9999 -9999 7.50772 7.51272 7.51773 7.52274 7.52775 7.53275 7.53776 7.54277 7.54777 7.55278 7.55779 7.56279 7.5678 7.57281 7.57782 7.58282 7.58783 7.59284 7.59784 7.60285 7.60786 7.61286 7.61787 -9999 -9999 -9999 -9999 -9999 -9999 -9999 -9999 -9999 -9999 -9999 -9999 -9999 -9999 7.69298 7.69798 7.70299 7.708 7.713 7.71801 7.72302 7.72803 7.73303 7.73804 7.74305 7.74805 7.75306 7.75807 7.76307 7.76808 7.77309 7.7781 7.7831 7.78811 7.79312 7.79812 7.80313 7.80814 7.81314 7.81815 7.82316 7.82817 7.83317 7.83818 7.84319 7.84819 7.8532
-9999 -9999 7.50772 7.51272 7.51773 7.52274 7.52775 7.53275 7.53776 7.54277 7.54777 7.55278 7.55779 7.56279 7.5678 7.57281 7.57782 7.58282 7.58783 7.59284 7.59784 7.60285 7.60786 7.61286 7.61787 -9999 -9999 -9999 -9999 -9999 -9999 -9999 -9999 -9999 -9999 -9999 -9999 -9999 7.68797 7.69298 7.69798 7.70299 7.708 7.713 7.71801 7.72302 7.72803 7.73303 7.73804 7.74305 7.74805 7.75306 7.75807 7.76307 7.76808 7.77309 7.7781 7.7831 7.78811 7.79312 7.79812 7.80313 7.80814 7.81314 7.81815 7.82316 7.82817 7.83317 7.83818 7.84319 7.84819 7.8532
-9999 -9999 7.50772 7.51272 7.51773 7.52274 7.52775 7.53275 7.53776 7.54277 7.54777 7.55278 -9999 -9999 -9999 -9999 -9999 -9999 7.58783 7.59284 7.59784 7.60285 7.60786 7.61286 -9999 -9999 -9999 -9999 -9999 -9999 -9999 -9999 -9999 -9999 -9999 -9999 -9999 -9999 7.68797 7.69298 7.69798 7.70299 7.708 7.713 7.71801 7.72302 7.72803 7.73303 7.73804 7.74305 7.74805 7.75306 7.75807 7.76307 7.76808 7.77309 7.7781 7.7831 7.78811 7.79312 7.79812 7.80313 7.80814 7.81314 7.81815 7.82316 7.82817 7.83317 7.83818 7.84319 7.84819 7.8532
-9999 -9999 7.50772 7.51272 7.51773 7.52274 -9999 -9999 -9999 7.54277 -9999 -9999 -9999 -9999 -9999 -9999 -9999 -9999 -9999 -9999 -9999 -9999 -9999 -9999 -9999 -9999 -9999 -9999 -9999 -9999 -9999 -9999 -9999 -9999 -9999 -9999 -9999 -9999 7.68797 7.69298 7.69798 7.70299 7.708 7.713 7.71801 7.72302 7.72803 7.73303 7.73804 7.74305 7.74805 7.75306 7.75807 7.76307 7.76808 7.77309 7.7781 7.7831 7.78811 7.79312 7.79812 7.80313 7.80814 7.81314 7.81815 7.82316 7.82817 7.83317 7.83818 7.84319 7.84819 7.8532
-9999 -9999 -9999 -9999 7.51773 -9999 -9999 -9999 -9999 -9999 -9999 -9999 -9999 -9999 -9999 -9999 -9999 -9999 -9999 -9999 -9999 -9999 -9999 -9999 -9999 -9999 -9999 -9999 -9999 -9999 -9999 -9999 -9999 -9999 -9999 -9999 -9999 -9999 7.68797 7.69298 7.69798 7.70299 7.708 7.713 7.71801 7.72302 7.72803 7.73303 7.73804 7.74305 7.74805 7.75306 7.75807 7.76307 7.76808 7.77309 7.7781 7.7831 7.78811 7.79312 7.79812 7.80313 7.80814 7.81314 7.81815 7.82316 7.82817 7.83317 7.83818 7.84319 7.84819 7.8532
-9999 -9999 -9999 -9999 -9999 -9999 -9999 -9999 -9999 -9999 -9999 -9999 -9999 -9999 -9999 -9999 -9999 -9999 -9999 -9999 -9999 -9999 -9999 -9999 -9999 -9999 -9999 -9999 -9999 -9999 -9999 -9999 -9999 -9999 -9999 -9999 -9999 -9999 7.68797 7.69298 7.69798 7.70299 7.708 7.713 7.71801 7.72302 7.72803 7.73303 7.73804 7.74305 7.74805 7.75306 7.75807 7.76307 7.76808 7.77309 7.7781 7.7831 7.78811 7.79312 7.79812 7.80313 7.80814 7.81314 7.81815 7.82316 7.82817 7.83317 7.83818 7.84319 7.84819 7.8532
-9999 -9999 -9999 -9999 -9999 -9999 -9999 -9999 -9999 -9999 -9999 -9999 -9999 -9999 -9999 -9999 -9999 -9999 -9999 -9999 -9999 -9999 -9999 -9999 -9999 -9999 -9999 -9999 -9999 -9999 -9999 -9999 -9999 -9999 -9999 -9999 -9999 -9999 7.68797 7.69298 7.69798 7.70299 7.708 7.713 7.71801 7.72302 7.72803 7.73303 7.73804 7.74305 7.74805 7.75306 7.75807 7.76307 7.76808 7.77309 7.7781 7.7831 7.78811 7.79312 7.79812 7.80313 7.80814 7.81314 7.81815 7.82316 7.82817 7.83317 7.83818 7.84319 7.84819 7.8532
-9999 -9999 -9999 -9999 -9999 -9999 -9999 -9999 -9999 -9999 -9999 -9999 -9999 -9999 -9999 -9999 -9999 -9999 -9999 -9999 -9999 -9999 -9999 -9999 -9999 -9999 -9999 -9999 -9999 -9999 -9999 -9999 -9999 -9999 -9999 -9999 -9999 7.68296 7.68797 7.69298 7.69798 7.70299 7.708 7.713 7.71801 7.72302 7.72803 7.73303 7.73804 7.74305 7.74805 7.75306 7.75807 7.76307 7.76808 7.77309 7.7781 7.7831 7.78811 7.79312 7.79812 7.80313 7.80814 7.81314 7.81815 7.82316 7.82817 7.83317 7.83818 7.84319 7.84819 7.8532
-9999 -9999 -9999 -9999 -9999 -9999 -9999 -9999 -9999 -9999 -9999 -9999 -9999 -9999 -9999 -9999 -9999 -9999 -9999 -9999 -9999 -9999 -9999 -9999 -9999 -9999 -9999 -9999 -9999 -9999 -9999 -9999 -9999 -9999 -9999 -9999 7.67796 7.68296 7.68797 7.69298 7.69798 7.70299 7.708 7.713 7.71801 7.72302 7.72803 7.73303 7.73804 7.74305 7.74805 7.75306 7.75807 7.76307 7.76808 7.77309 7.7781 7.7831 7.78811 7.79312 7.79812 7.80313 7.80814 7.81314 7.81815 7.82316 7.82817 7.83317 7.83818 7.84319 7.84819 7.8532
-9999 -9999 -9999 -9999 -9999 -9999 -9999 -9999 -9999 -9999 -9999 -9999 -9999 -9999 -9999 -9999 -9999 -9999 -9999 -9999 -9999 -9999 -9999 -9999 -9999 -9999 -9999 -9999 -9999 -9999 -9999 -9999 -9999 -9999 -9999 -9999 -9999 7.68296 7.68797 7.69298 7.69798 7.70299 7.708 7.713 7.71801 7.72302 7.72803 7.73303 7.73804 7.74305 7.74805 7.75306 7.75807 7.76307 7.76808 7.77309 7.7781 7.7831 7.78811 7.79312 7.79812 7.80313 7.80814 7.81314 7.81815 7.82316 7.82817 7.83317 7.83818 7.84319 7.84819 7.8532
-9999 -9999 -9999 -9999 -9999 -9999 -9999 -9999 -9999 -9999 -9999 -9999 -9999 -9999 -9999 -9999 -9999 -9999 -9999 -9999 -9999 -9999 -9999 -9999 -9999 -9999 -9999 -9999 -9999 -9999 -9999 -9999 -9999 -9999 -9999 -9999 -9999 -9999 -9999 7.69298 7.69798 7.70299 7.708 7.713 7.71801 7.72302 7.72803 7.73303 7.73804 7.74305 7.74805 7.75306 7.75807 7.76307 7.76808 7.77309 7.7781 7.7831 7.78811 7.79312 7.79812 7.80313 7.80814 7.81314 7.81815 7.82316 7.82817 7.83317 7.83818 7.84319 7.84819 7.8532
-9999 -9999 -9999 -9999 -9999 -9999 -9999 -9999 -9999 -9999 -9999 -9999 -9999 -9999 -9999 -9999 -9999 -9999 -9999 -9999 -9999 -9999 -9999 -9999 -9999 -9999 -9999 -9999 -9999 -9999 -9999 -9999 -9999 -9999 -9999 -9999 -9999 -9999 -9999 -9999 7.69798 7.70299 7.708 7.713 7.71801 7.72302 7.72803 7.73303 7.73804 7.74305 7.74805 7.75306 7.75807 7.76307 7.76808 7.77309 7.7781 7.7831 7.78811 7.79312 7.79812 7.80313 7.80814 7.81314 7.81815 7.82316 7.82817 7.83317 7.83818 7.84319 7.84819 7.8532
