docker_testcase/datasets_hmc/static_data/gridded/liguria/liguria.alpha.txt
ncols	         559
nrows	         167
xllcorner	   7.49520000000000     
yllcorner	   43.7565000000000     
cellsize    5.007000000000000E-003
NODATA_value  -9999
[rows 100 to 124 of 167, columns 57 to 113 of 559]
0.118655 0.294344 0.349865 0.425085 0.423026 0.367977 0.414053 0.333173 0.266444 0.304108 0.423541 0.280999 0.214815 0.303920 0.334280 0.305424 0.209453 0.094098 0.006272 0.104984 0.209592 0.327998 0.280618 0.131515 0.126597 0.111235 0.209089 0.288178 0.276725 0.349683 0.321131 0.333459 0.319698 0.255258 0.344384 0.380684 0.329933 0.329017 0.340168 0.324847 0.278518 0.308803 0.259882 0.121610 0.285761 0.275842 0.350230 0.251385 0.295147 0.341784 0.280999 0.305612 0.250307 0.250170 0.294344 0.255065 0.367797
0.266060 0.211855 0.122727 0.207337 0.197832 0.194019 0.436175 0.412150 0.299210 0.263173 0.292404 0.331512 0.256998 0.288984 0.300342 0.367437 0.358771 0.294865 0.180489 0.227414 0.233783 0.336847 0.335154 0.296216 0.201332 0.158774 0.081035 0.291800 0.344568 0.256418 0.174037 0.182252 0.210868 0.321277 0.317405 0.352234 0.340616 0.375848 0.268157 0.369415 0.331512 0.213224 0.276989 0.123455 0.165015 0.267021 0.231321 0.235856 0.226998 0.324693 0.222972 0.238941 0.265740 0.208474 0.232815 0.218381 0.271437
0.243033 0.201961 0.251579 0.243422 0.185518 0.150248 0.237771 0.304108 0.280236 0.311052 0.233473 0.315539 0.345482 0.295414 0.204141 0.347128 0.337779 0.293809 0.288041 0.331501 0.350445 0.251129 0.244201 0.231517 0.259123 0.213434 0.078042 0.075802 0.093148 0.138305 0.261052 0.244395 0.209089 0.273342 0.204531 0.324104 0.300719 0.277754 0.215728 0.226029 0.297511 0.309791 0.194215 0.221314 0.106332 0.168230 0.093818 0.268051 0.240501 0.355506 0.219634 0.132837 0.254690 0.191030 0.234646 0.206935 0.104680
0.283096 0.336066 0.314026 0.279091 0.217575 0.128295 0.093917 0.063015 0.223673 0.263173 0.305988 0.305988 0.130249 0.419240 0.146676 0.229950 0.135361 0.260564 0.263943 0.313497 0.331371 0.227691 0.262064 0.270631 0.323249 0.299965 0.063024 0.089840 0.244395 0.187126 0.271716 0.327053 0.387965 0.300907 0.220747 0.199763 0.330218 0.262402 0.239721 0.138400 0.210670 0.342950 0.233091 0.250998 0.169033 0.107734 0.103852 0.295244 0.236960 0.319830 0.244539 0.105005 0.257288 0.204835 0.258737 0.222298 0.073634
0.371652 0.315658 0.275851 0.212282 0.206349 0.248111 0.170290 0.114260 0.104609 0.072962 0.063289 0.106968 0.119430 0.065649 0.092651 0.098528 0.228971 0.262595 0.225411 0.322855 0.355688 0.347676 0.274502 0.181853 0.207759 0.171425 0.097506 0.380150 0.374710 0.286162 0.345281 0.321146 0.347128 0.262209 0.278518 0.144252 0.203547 0.269274 0.312704 0.184445 0.076999 0.307802 0.396257 0.341636 0.236546 0.067716 0.067716 0.305811 0.324475 0.317778 0.160056 0.100556 0.255065 0.248864 0.236795 0.288801 0.053517
0.443177 0.314087 0.373362 0.212282 0.385661 0.239857 0.258155 0.210080 0.206376 0.165020 0.158111 0.157567 0.133093 0.079284 0.068875 0.020522 0.018174 0.034422 0.099163 0.374973 0.355506 0.394674 0.310490 0.325032 0.307114 0.134934 0.097867 0.307669 0.249758 0.283477 0.385306 0.398272 0.239857 0.286521 0.201961 0.232400 0.123928 0.225194 0.268867 0.129641 0.033593 0.230147 0.099744 0.032151 0.121302 0.052212 0.050876 0.187044 0.217181 0.240111 0.201564 0.048463 0.254097 0.231908 0.261824 0.260292 0.145049
0.288522 0.303544 0.553980 0.447654 0.396782 0.319442 0.318770 0.313963 0.339800 0.275647 0.275647 0.350777 0.294478 0.182753 0.379794 0.156066 0.103251 0.115619 0.092439 0.058117 0.163406 0.271820 0.350959 0.420274 0.229631 0.211065 0.105093 0.247505 0.277563 0.330218 0.389677 0.394044 0.376403 0.330773 0.316099 0.211855 0.065158 0.277372 0.169581 0.011776 0.009149 0.017889 0.049821 0.049828 0.044608 0.018866 0.012355 0.002963 0.000588 0.000840 0.036271 0.039042 0.014309 0.015726 0.014836 0.099260 0.033717
0.227830 0.160186 0.289386 0.251404 0.327024 0.337682 0.352777 0.362569 0.524005 0.434816 0.366502 0.266284 0.288549 0.288549 0.355847 0.335154 0.154196 0.130020 0.048206 0.118044 0.011982 0.017234 0.029021 0.158776 0.213040 0.230324 0.044920 0.299421 0.330325 0.280236 0.244814 0.284952 0.173446 0.299210 0.342553 0.290192 0.147274 0.018589 0.003725 0.002087 0.029881 0.232496 0.272394 0.051831 0.296378 0.424571 0.433115 0.211460 0.289181 0.125575 0.022986 0.009006 0.009726 0.009681 0.007016 0.007627 0.017286
0.226720 0.298833 0.333198 0.311381 0.302226 0.469416 0.395730 0.421306 0.439115 0.429618 0.468265 0.420159 0.313521 0.457347 0.451490 0.419428 0.351476 0.264168 0.325218 0.304482 0.254097 0.091070 0.035451 0.059702 0.055626 0.053158 0.035816 0.158172 0.280101 0.360943 0.436514 0.285490 0.216153 0.219150 0.166221 0.019469 0.030239 0.026597 0.132890 0.270479 0.213040 0.306209 0.207902 0.093489 0.243989 0.305811 0.263835 0.257385 0.272664 0.149294 0.294298 0.191827 0.233864 0.345482 0.358408 0.272396 0.383708
0.448158 0.401170 0.384415 0.334280 0.440241 0.390971 0.435495 0.496316 0.403226 0.355334 0.322592 0.354178 0.356958 0.341452 0.260564 0.288581 0.253741 0.381397 0.356414 0.269409 0.335675 0.235037 0.428338 0.394850 0.476131 0.317063 0.174047 0.002597 0.198587 0.269902 0.214421 0.276416 0.185049 0.003258 0.009219 0.037824 0.036664 0.333358 0.291078 0.368114 0.416651 0.270631 0.217969 0.064475 0.239526 0.286141 0.229167 0.308616 0.202874 0.325403 0.304880 0.312923 0.308991 0.215998 0.209872 0.164613 0.175049
0.396794 0.382464 0.459032 0.391800 0.311801 0.392424 0.465794 0.450840 0.212665 0.283202 0.314606 0.342369 0.373003 0.249072 0.327315 0.413563 0.418550 0.479877 0.343857 0.410241 0.402732 0.442942 0.437362 0.430729 0.335154 0.361739 0.321803 0.213435 0.034208 0.010270 0.005438 0.012912 0.010630 0.119877 0.259895 0.205725 0.061552 0.115598 0.174686 0.259063 0.207215 0.294077 0.282932 0.351688 0.312968 0.330979 0.384419 0.388426 0.344384 0.375509 0.337963 0.339433 0.272393 0.205956 0.181337 0.168029 0.180053
0.365790 0.365790 0.395787 0.540433 0.271444 0.354563 0.277205 0.472206 0.496156 0.418086 0.353144 0.421306 0.414910 0.377743 0.405819 0.408160 0.399769 0.541027 0.525862 0.490225 0.532329 0.530640 0.521368 0.450002 0.356777 0.265060 0.201167 0.041068 0.041799 0.274120 0.373003 0.175851 0.035840 0.309659 0.290460 0.201564 0.324290 0.054900 0.061287 0.331881 0.293006 0.297322 0.372286 0.376582 0.358540 0.370147 0.309366 0.407806 0.244784 0.166623 0.247699 0.305988 0.326701 0.192424 0.078557 0.026712 0.027119
0.288397 0.355976 0.368114 0.453617 0.283477 0.347676 0.277205 0.217713 0.321131 0.406312 0.245073 0.264529 0.422470 0.288801 0.243228 0.236404 0.221257 0.193965 0.331696 0.372466 0.201762 0.150102 0.046812 0.046933 0.000465 0.122353 0.000465 0.052019 0.299022 0.317854 0.329478 0.102781 0.077987 0.300530 0.234612 0.304108 0.298353 0.224851 0.103145 0.098646 0.265290 0.272935 0.289181 0.394674 0.378010 0.243576 0.136339 0.031254 0.034555 0.023292 0.020327 0.017276 0.010539 0.001684 0.020815 0.052431 0.166740
0.228130 0.244415 0.293004 0.487165 0.419550 0.281762 0.359133 0.263558 0.146866 0.190109 0.211828 0.191000 0.446142 0.484742 0.286835 0.262746 0.264380 0.273883 0.098324 0.036983 0.000529 0.033834 0.076503 0.257385 0.174047 0.161151 0.193216 0.333358 0.298455 0.275508 0.318897 0.088646 0.024582 0.142013 0.091479 0.136745 0.202952 0.301661 0.382286 0.292973 0.214898 0.215801 0.106210 0.026428 0.033039 0.020042 0.028220 0.180853 0.311426 0.398014 0.390617 0.203995 0.013433 0.260860 0.203150 0.320200 0.321803
0.199029 0.345410 0.428772 0.456093 0.409390 0.310983 0.351218 0.319171 0.251967 0.153034 0.160960 0.122594 0.100302 0.147677 0.446142 0.418723 0.321672 0.267406 0.045038 0.022229 0.280808 0.347493 0.354598 0.340535 0.375867 0.286020 0.357683 0.344934 0.331142 0.256418 0.270670 0.080988 0.314606 0.200771 0.073832 0.183880 0.295815 0.372824 0.276319 0.280236 0.248088 0.107844 0.042433 0.025958 0.187443 0.180489 0.026026 0.351141 0.251815 0.310851 0.236404 0.048175 0.184849 0.321146 0.348041 0.333851 0.249252
0.169336 0.167345 0.248394 0.247383 0.363111 0.255645 0.243033 0.175851 0.259473 0.300488 0.344504 0.279156 0.214224 0.094003 0.108913 0.075392 0.078162 0.051426 0.193817 0.337497 0.356617 0.432775 0.333173 0.280045 0.350230 0.413191 0.396081 0.393793 0.257425 0.275913 0.287775 0.187443 0.122398 0.136764 0.279282 0.322329 0.312362 0.173446 0.270224 0.269274 0.269816 0.293541 0.309178 0.217969 0.269002 0.176451 0.028689 0.303544 0.322246 0.212250 0.039280 0.201762 0.278751 0.292202 0.262337 0.247288 0.315539
0.163164 0.323512 0.351090 0.403350 0.488984 0.500750 0.262064 0.243025 0.214618 0.325218 0.358925 0.350188 0.313497 0.132648 0.142215 0.205131 0.113850 0.286901 0.346444 0.481553 0.360581 0.415277 0.424056 0.333358 0.339984 0.396081 0.335386 0.241786 0.235818 0.241649 0.259473 0.209682 0.134716 0.131063 0.199508 0.196839 0.162475 0.176652 0.299688 0.330588 0.282528 0.283606 0.246051 0.260088 0.208693 0.178650 0.242838 0.322855 0.231154 0.186138 0.289370 0.327072 0.331881 0.250028 0.317965 0.214619 0.145049
0.113540 0.219544 0.284809 0.339433 0.415521 0.498386 0.479714 0.492153 0.431241 0.370851 0.304860 0.237381 0.197161 0.151920 0.343102 0.164418 0.229950 0.316667 0.399140 0.337411 0.395554 0.419240 0.472533 0.510425 0.427997 0.445638 0.478087 0.328368 0.274831 0.293274 0.289520 0.261245 0.274502 0.256225 0.173446 0.154139 0.116821 0.050292 0.057923 0.078454 0.174248 0.298455 0.243617 0.348041 0.284817 0.279664 0.259509 0.234059 0.202453 0.191827 0.151314 0.038308 0.104660 0.095258 0.016362 0.117840 0.017069
0.063437 0.369235 0.258790 0.214427 0.433595 0.470357 0.345665 0.427654 0.433114 0.455739 0.332415 0.322724 0.357321 0.356958 0.230930 0.180853 0.377118 0.346444 0.272664 0.306475 0.371928 0.443280 0.356232 0.294676 0.412497 0.369415 0.363111 0.395026 0.345665 0.337963 0.330403 0.285759 0.276184 0.215177 0.244814 0.241511 0.198525 0.044277 0.131469 0.161998 0.204695 0.176451 0.131266 0.188440 0.255101 0.240696 0.229167 0.139785 0.078555 0.052569 0.011120 0.020491 0.038502 0.089186 0.080769 0.056959 0.017069
0.251773 0.263018 0.277400 0.199431 0.314819 0.358028 0.326791 0.235713 0.366841 0.328101 0.355591 0.384951 0.351862 0.317195 0.348406 0.354961 0.367437 0.350048 0.284619 0.153287 0.139340 0.137341 0.205116 0.350048 0.318897 0.311910 0.272012 0.362569 0.359053 0.325774 0.314606 0.355688 0.219347 0.178853 0.228971 0.105910 0.060716 0.035748 0.224851 0.233278 0.269545 0.319567 0.321131 0.296083 0.207507 0.250804 0.215595 0.191917 0.258654 0.236600 0.208100 0.269518 0.283667 0.315726 0.080769 0.268558 0.203745
0.232104 0.299588 0.297511 0.114039 0.305612 0.340746 0.310677 0.245831 0.245831 0.299776 0.525862 0.575503 0.382820 0.313297 0.418033 0.434476 0.278751 0.306927 0.291934 0.237098 0.203943 0.174248 0.117316 0.139489 0.126634 0.292215 0.237576 0.240947 0.317458 0.283286 0.322618 0.278327 0.363472 0.349136 0.276319 0.212107 0.172845 0.026217 0.271245 0.325349 0.323380 0.387965 0.248476 0.298353 0.346579 0.394916 0.310719 0.321131 0.266284 0.230929 0.401696 0.351323 0.294865 0.276860 0.337963 0.353871 0.387433
0.014812 0.003049 0.034283 0.160387 0.306740 0.370528 0.269518 0.215899 0.410128 0.513095 0.271480 0.285695 0.320093 0.410588 0.234612 0.322066 0.471878 0.282932 0.301420 0.270359 0.238754 0.226304 0.278709 0.153071 0.086033 0.260088 0.286901 0.102061 0.364013 0.353325 0.297700 0.332804 0.308803 0.313858 0.369235 0.234612 0.236014 0.014159 0.163406 0.281585 0.470894 0.257964 0.171562 0.409545 0.411630 0.307006 0.324661 0.304484 0.331142 0.438887 0.399593 0.397487 0.338147 0.335570 0.382642 0.364013 0.407632
0.405889 0.199788 0.010890 0.029695 0.057581 0.282524 0.102678 0.297953 0.328756 0.206201 0.271480 0.285695 0.332620 0.372824 0.278616 0.310321 0.199183 0.281720 0.346214 0.315726 0.245562 0.172444 0.210670 0.181453 0.078637 0.042826 0.062645 0.064100 0.066270 0.012273 0.006150 0.001853 0.004669 0.009452 0.020658 0.040155 0.121099 0.041902 0.118451 0.337595 0.089618 0.164209 0.382464 0.380328 0.285761 0.352635 0.356361 0.261383 0.288178 0.270094 0.311239 0.368114 0.182467 0.192026 0.133905 0.174119 0.254690
0.216431 0.196799 0.046199 0.217378 0.034409 0.071824 0.000465 0.093644 0.142161 0.317592 0.214898 0.430101 0.444249 0.266637 0.232691 0.324824 0.168584 0.289181 0.415399 0.293541 0.276033 0.238551 0.159782 0.130591 0.091684 0.262402 0.206715 0.048928 0.129438 0.145785 0.016527 0.001853 0.000826 0.000826 0.000465 0.000465 0.031545 0.107640 0.020410 0.047462 0.189237 0.280371 0.256331 0.285570 0.171622 0.345482 0.322724 0.243713 0.280236 0.260155 0.239721 0.321803 0.360589 0.189038 0.178853 0.243617 0.196005
0.000465 0.061537 0.405191 0.442581 0.436684 0.316659 0.033807 0.171040 0.368241 0.437918 0.363655 0.228938 0.287103 0.315479 0.331512 0.328368 0.138233 0.197793 0.441745 0.277372 0.241475 0.244951 0.237788 0.159782 0.337779 0.271629 0.228107 0.220134 0.240111 0.126714 0.088610 0.230343 0.220331 0.255645 0.304296 0.382820 0.391677 0.264380 0.234646 0.027884 0.009097 0.271820 0.234612 0.169688 0.272779 0.279854 0.320883 0.342821 0.292202 0.264244 0.099874 0.342919 0.363655 0.397487 0.366714 0.283202 0.247288
