docker_testcase/datasets_hmc/static_data/gridded/liguria/liguria.area.txt
ncols        559
nrows        167
xllcorner    7.500300
yllcorner    43.756500
cellsize     0.005000
NODATA_value 0.000000
[rows 0 to 78 of 167, columns 0 to 95 of 559]
1 1 1 1 1 1 1 1 1 1 1 1 1 1 1 1 1 1 1 1 1 1 1 1 1 1 1 1 1 1 1 1 1 1 1 1 1 1 1 1 1 1 1 1 1 1 1 1 1 1 1 1 1 1 1 1 1 1 1 1 1 1 1 1 1 1 1 1 1 1 1 1 1 1 1 1 1 1 1 1 1 1 1 1 1 1 1 1 1 1 1 1 1 1 1 1
1 1 1 3 2 2 2 27 9 2 2 3 6 2 2 2 136 2 35 5 5 2 2 3 4 340 2 2 7 108 5 2 2 6 5 55 2 2 2 28 2 2 2 10 4 2 19 2 2 2 2 2 2 2 6 841 6 4 2 2 2 2 2 40 2 2 2 9 2 2 2 19 2 4 2 2 606 2 2 4 3 7263 2 2 2 2 2 2 2 2 2 2 2 2 2 2
1 2 1 2 1 1 1 26 8 1 1 2 5 1 1 1 135 1 34 4 4 1 1 2 3 339 1 1 6 107 4 1 1 5 4 54 1 1 1 27 1 1 1 9 3 1 18 1 1 1 1 1 1 1 5 840 5 3 1 1 1 1 1 39 1 1 1 8 1 1 1 18 1 3 1 1 605 1 1 3 2 7262 1 1 1 1 1 1 1 1 1 1 1 1 1 1
1 2 1 1 1 1 23 2 1 6 1 4 1 1 131 133 1 1 32 3 2 1 1 2 1 338 1 3 2 106 2 1 1 3 3 2 51 1 1 1 24 2 1 7 2 1 17 1 1 2 1 2 3 4 1 839 2 2 2 1 1 1 1 38 1 1 3 3 1 1 14 1 2 1 1 1 604 1 1 1 1 1 7260 2 1 1 1 1 1 15 13 3 2 1 1 1
1 2 1 1 1 13 2 6 1 5 3 1 1 3 129 1 1 30 1 1 1 1 1 2 3 336 3 1 1 103 2 1 2 2 1 2 46 1 1 1 15 5 1 6 1 1 14 1 1 2 5 6 1 1 833 2 2 1 1 1 1 2 2 33 1 1 1 1 1 10 1 1 1 1 1 1 601 1 1 2 1 1 6822 435 2 1 32 30 27 1 1 9 7 3 1 2
1 2 1 1 8 2 1 5 4 2 1 1 2 125 3 5 6 21 1 1 3 1 1 1 2 327 1 1 1 102 2 1 1 1 1 1 4 41 3 1 14 1 4 5 1 8 3 1 1 2 1 1 7 700 831 1 1 1 1 2 19 20 29 2 1 1 1 2 6 1 1 1 1 1 2 595 597 1 1 2 5 6819 1 1 431 33 1 1 1 8 5 3 1 3 1 8
1 2 1 4 1 1 4 3 1 1 1 2 120 2 2 1 1 19 1 1 6 1 1 1 323 1 2 1 2 98 1 1 1 1 1 1 1 37 1 2 11 1 3 4 1 5 1 1 1 1 4 687 691 2 124 3 2 1 1 13 1 2 4 1 1 1 2 1 2 1 1 1 3 585 589 2 1 1 2 3 4 6812 2 1 1 395 12 10 9 2 2 1 2 1 1 12
1 2 1 2 1 3 2 1 1 1 41 44 72 1 1 1 1 15 1 1 9 1 1 317 3 1 1 1 89 4 1 1 1 18 21 23 25 11 1 1 6 1 2 3 1 1 1 1 1 3 680 2 2 1 123 3 1 1 10 1 1 1 2 1 2 1 4 1 1 1 1 3 579 1 3 1 1 2 3 1 1 1 6804 1 1 378 2 1 3 3 1 1 1 1 16 2
1 2 1 1 2 1 1 1 27 30 8 1 1 70 1 3 9 14 1 1 12 1 1 313 1 2 1 2 87 1 3 1 13 1 1 1 1 6 4 2 3 1 1 1 1 1 1 1 671 675 1 1 1 1 117 1 1 6 1 1 1 1 1 1 2 6 1 490 492 559 560 567 7 2 1 1 1 1 2 18 20 6799 3 1 1 377 1 1 1 1 2 1 1 1 20 1
1 2 1 1 1 1 1 23 1 1 7 11 13 69 1 2 2 1 2 3 16 1 1 311 1 1 2 80 2 1 2 1 6 4 1 1 2 5 1 1 1 1 1 1 1 1 2 666 2 1 1 1 108 113 2 1 3 1 1 1 2 4 6 472 474 476 483 1 64 1 1 5 2 2 1 1 3 10 12 1 93 6777 1 1 1 374 1 1 1 2 1 1 2 26 1 1
1 2 1 1 1 13 18 1 1 6 10 1 1 54 1 1 1 1 2 1 2 20 305 2 1 1 2 77 2 1 1 1 4 1 1 1 1 1 21 22 1 1 1 148 2 1 2 661 1 1 1 103 3 2 2 1 2 1 2 3 1 2 461 2 1 1 1 57 61 1 1 3 1 1 1 2 6 1 1 91 1 6681 2 1 1 1 369 2 3 1 1 1 1 28 1 1
1 2 1 5 7 2 3 1 5 9 1 1 1 52 1 1 1 1 1 1 1 1 281 1 1 1 1 72 1 1 1 1 1 1 1 17 19 20 1 2 24 142 144 1 149 152 154 658 1 1 2 99 2 2 1 1 1 1 2 1 4 457 1 1 1 1 52 55 2 1 1 1 1 1 1 2 3 86 87 2 1 1 6676 1 1 4 3 358 2 1 2 2 31 1 1 90
1 4 3 3 1 1 2 4 8 5 6 29 30 40 9 6 1 1 2 2 2 278 2 1 1 1 1 69 1 1 2 1 7 8 12 2 1 1 1 109 116 1 1 1 2 1 500 1 1 2 93 1 2 1 1 1 1 1 1 3 450 1 1 1 1 48 2 1 1 1 1 1 32 38 39 40 84 1 1 1 1 8 6674 1 1 1 2 3 349 338 335 329 291 289 287 1
1 2 1 2 2 1 3 7 4 5 19 1 1 8 2 1 1 4 5 267 271 3 1 1 3 55 57 66 7 5 2 4 1 1 1 1 1 1 107 1 2 1 1 2 2 495 3 1 1 1 90 2 1 1 1 1 2 434 440 443 1 1 1 1 38 6 1 1 1 2 27 30 2 1 2 41 1 1 1 2 6 1 6664 1 2 1 1 2 9 2 3 4 1 1 2 192
1 2 1 1 1 2 6 3 4 3 8 5 1 4 3 1 3 3 4 259 1 2 16 21 32 18 1 1 1 1 1 1 1 1 1 94 95 99 2 3 1 1 1 2 487 2 1 1 1 1 83 2 1 1 1 2 429 1 3 1 1 1 1 33 1 1 5 4 1 1 24 1 1 1 1 38 27 1 1 2 1 1 6660 5 2 1 1 1 8 1 2 2 1 1 7 1
1 2 1 1 1 5 2 3 2 2 2 4 1 1 2 2 2 1 251 2 1 1 15 4 10 17 2 4 5 7 1 79 83 87 90 2 1 1 1 2 1 1 2 476 5 1 1 1 1 2 82 2 1 1 2 424 1 1 2 1 1 2 15 1 14 2 1 1 1 1 20 1 1 2 3 6 25 1 1 2 4 6653 1 1 1 13 10 1 1 7 1 1 1 1 6 1
1 2 1 2 4 1 2 1 1 1 1 3 1 1 1 1 1 1 249 1 1 14 3 9 15 1 1 1 1 1 76 1 2 2 2 1 1 1 1 1 1 2 2 472 3 1 2 3 7 74 1 2 1 1 2 3 417 103 101 1 1 8 1 3 2 9 1 1 2 16 2 1 1 3 5 1 22 1 1 2 8 6640 6638 17 15 1 1 8 4 2 5 4 1 3 1 1
1 4 3 2 1 1 1 2 3 4 5 7 1 1 2 1 1 244 1 1 13 2 8 14 2 3 1 52 54 64 2 1 1 1 1 1 1 7 1 1 2 462 466 2 1 2 1 1 2 64 1 1 1 1 3 1 310 1 1 99 4 4 1 2 1 6 1 1 4 8 1 1 1 1 1 2 19 1 3 4 1 1 1 6618 3 2 1 1 1 1 1 1 1 2 1 6
1 2 1 1 1 1 1 1 2 3 1 9 1 1 1 3 239 1 1 12 1 7 13 1 3 46 48 2 1 8 1 1 1 1 1 1 3 1 8 2 451 456 2 1 1 1 1 1 62 1 1 5 1 1 304 307 1 1 1 94 2 3 3 1 1 3 1 2 3 3 1 1 1 2 3 17 1 1 2 8 10 13 14 6614 3 2 1 1 1 1 3 2 1 1 1 2
1 2 1 1 1 2 2 2 1 1 37 49 1 1 227 232 1 1 5 6 5 1 12 2 1 39 1 1 1 6 3 1 1 2 5 6 1 1 2 439 447 2 2 1 1 6 7 57 3 1 2 10 1 1 299 1 1 1 86 2 2 1 2 2 1 1 1 2 2 1 2 1 3 4 11 1 1 1 5 1 1 1 1 6556 39 38 37 34 32 29 15 13 1 2 1 1
1 2 1 2 12 14 18 26 30 32 1 51 1 127 97 1 2 1 3 5 4 6 5 1 22 2 13 1 1 1 1 1 2 1 1 1 7 2 425 3 5 2 1 1 4 1 46 2 1 1 2 2 14 294 2 1 1 1 84 2 1 1 1 1 1 1 1 1 1 2 3 3 1 1 5 1 1 2 3 1 1 1 1 6555 12 9 8 2 1 2 7 1 11 5 3 1
1 2 1 8 1 1 1 2 2 1 1 119 123 2 1 95 1 2 4 3 5 4 1 21 1 1 2 8 1 1 2 1 4 1 2 2 2 418 2 1 2 4 1 3 1 1 44 2 1 1 1 1 275 3 1 1 1 77 2 1 1 1 1 1 1 3 1 1 1 1 1 4 4 2 3 1 1 1 1 1 2 2 6536 6541 2 2 6 1 1 1 2 4 2 1 1 1
1 2 1 1 6 1 1 1 1 2 64 2 2 1 1 94 1 3 2 4 3 3 4 19 1 1 2 6 1 1 2 4 1 5 2 3 405 2 1 1 1 3 2 1 1 37 40 1 1 1 1 2 270 1 2 1 2 71 1 1 1 1 16 19 22 27 29 31 2 2 2 5 5 1 1 1 2 4 7 8 6502 6506 26 1 1 1 1 5 4 2 1 2 1 1 1 1
1 2 1 1 1 2 1 2 1 1 58 2 1 1 1 92 2 1 3 2 2 2 6 7 1 1 1 2 1 2 11 1 5 2 8 396 2 1 1 1 2 1 1 1 33 1 1 1 1 1 2 267 1 1 1 1 68 1 1 1 8 11 1 1 1 1 1 1 32 43 46 6 1 8 10 11 13 14 1 1 6490 3 24 1 1 1 1 1 1 1 1 1 1 1 2 1
1 3 2 1 1 1 2 1 3 45 57 1 1 4 87 4 1 2 1 1 1 1 3 5 1 1 1 2 1 6 1 13 2 6 382 2 1 1 1 2 1 1 1 29 1 1 1 1 256 259 262 1 1 1 1 2 66 1 1 4 1 1 1 1 1 1 1 3 5 1 1 48 55 1 1 1 1 1 15 6470 17 1 2 23 21 18 16 10 3 2 1 1 1 3 3 1
1 2 1 1 2 1 1 38 40 6 3 1 1 2 82 3 1 1 1 1 1 1 1 2 1 1 2 1 3 4 1 1 363 370 4 1 1 1 1 1 17 21 23 26 2 5 8 244 8 1 1 1 1 34 1 60 2 1 1 1 1 1 1 1 3 5 1 1 1 1 1 1 1 56 1497 1501 1504 1507 6451 1 1 16 1 1 1 1 1 2 5 2 1 2 2 1 7 1
1 2 1 1 1 3 31 33 1 5 1 1 1 1 80 2 1 3 8 10 2 1 1 1 3 1 2 3 2 1 1 343 348 1 3 3 2 5 8 10 3 1 1 2 1 1 1 235 1 6 1 1 31 1 56 2 1 1 1 1 1 3 5 2 1 1 6 2 2 3 1427 1431 1435 1438 2 1 2 1 4941 2 1 3 11 9 6 3 1 1 1 1 1 1 6 1 9 51
1 2 1 1 3 23 3 1 1 3 1 1 1 1 78 1 1 1 1 14 28 1 1 1 1 4 2 6 1 3 335 5 3 1 2 2 1 1 1 1 1 1 1 1 1 1 234 1 3 1 1 28 1 1 19 1 1 2 4 8 10 1 1 6 3 2 1408 1412 1417 1420 2 2 2 2 1 1 135 137 4799 2 1 1 2 1 2 2 1 1 1 1 1 3 1 7 64 1
1 2 1 1 16 1 1 2 2 2 55 58 62 73 4 1 2 3 12 1 1 31 2 1 2 2 297 312 325 329 1 3 1 2 1 1 1 182 184 186 187 1 2 1 1 231 1 1 1 1 25 1 1 1 1 16 4 1 1 1 1 11 2 8 4 1395 3 1 2 2 1 1 1 1 1 134 1 1 4796 1 6 4 2 1 1 1 1 1 5 1 1 5 6 80 1 1
1 2 1 2 13 1 1 1 1 1 50 1 2 10 2 1 2 4 7 1 1 1 32 3 286 290 4 2 12 1 1 1 1 1 1 1 178 2 1 1 23 211 221 224 226 228 1 14 15 22 1 2 5 8 10 1 1 1 1 1 1 2 1372 1385 1388 2 1 1 1 1 1 2 1 1 131 132 1 899 4795 3893 2 1 1 1 1 3 1 1 8 1 1 1 2 84 1 1
1 4 3 1 9 1 2 3 45 48 1 1 2 7 1 1 1 1 1 1 1 2 228 278 1 3 3 1 1 10 1 1 1 1 1 175 1 1 1 22 2 4 2 1 1 1 1 10 2 4 2 1 1 1 1 1 1 1 2 2 2 1355 1 4 1 1 1 1 1 1 1 1 3 129 1 1 895 2 2 3883 1 1 1 1 7 2 1 1 10 4 1 1 2 87 1 2
1 2 1 2 8 1 5 40 1 1 1 1 5 1 1 1 1 1 1 1 221 223 1 8 9 2 1 1 3 5 3 1 1 2 171 1 1 16 19 1 1 1 1 1 1 6 8 1 1 1 1 1 1 1 1 1 3 1335 1340 1345 1348 2 1 2 1 1 1 1 2 2 2 2 124 1 1 891 2 1 1 3 3879 3859 1 9 1 1 1 1 1 15 1 1 1 88 75 70
1 2 1 1 7 4 1 2 31 1 1 2 4 1 1 3 1 2 200 205 12 1 4 3 7 1 1 2 4 1 5 1 165 167 1 8 13 1 1 1 1 1 1 1 3 1 1 1 1 1 1 2 1 3 1321 1324 1328 2 2 2 1 1 1 1 1 1 3 1 2 3 117 119 1 1 885 2 1 1 2 3 15 3856 10 1 3 2 1 1 3 17 1 1 2 166 1 1
1 2 1 3 3 3 1 2 2 25 1 1 2 1 2 173 182 1 194 4 11 3 3 1 1 6 1 3 2 3 153 160 3 3 5 1 3 1 1 1 1 37 40 1 1 1 1 1 3 1129 1133 1137 1140 1315 1 2 2 1 1 1 1 1 1 1 2 58 62 64 67 1 109 1 1 1 882 2 1 1 2 14 1 22 3823 3821 3818 4 1 3760 3757 3753 2343 2341 2339 168 1 1
1 2 1 2 2 2 1 1 1 22 1 1 1 3 166 7 5 191 2 3 7 2 1 1 3 2 2 1 1 2 149 1 2 2 1 1 1 1 30 33 34 1 1 41 1107 1110 1114 1118 1122 2 2 1 1 173 1 1 1 1 1 13 15 19 49 52 54 1 33 35 37 106 1 1 1 875 2 1 1 1 11 2 1 19 1 1 26 3784 3774 2 1 2 1390 1 2168 3 2 2
1 2 1 1 1 1 1 1 18 1 1 1 1 160 1 6 4 3 1 2 3 3 1 2 1 1 1 1 1 143 2 1 1 1 1 1 24 26 1 1 1 1 535 538 525 1 2 3 2 1 1 1 171 1 1 1 1 1 10 1 1 1 28 1 1 29 2 1 1 1 1 1 2 870 2 1 1 8 2 1 15 2 1 3 22 8 9 2 1 1 1 1387 2 2164 2162 2161
1 2 1 1 1 1 1 13 2 1 1 1 149 7 1 5 2 1 2 1 2 2 1 1 1 1 1 122 1 140 1 1 1 1 17 21 1 1 1 1 1 530 532 1 522 2 1 2 1 1 2 1 169 54 50 49 45 5 1 1 1 26 1 1 27 1 1 1 1 1 1 829 863 3 1 1 5 1 1 1 13 1 2 20 1 7 6 2 1 1 1 1383 1 1 1 2
1 7 6 5 2 1 9 1 1 1 1 38 146 105 6 2 2 1 1 1 1 1 1 1 110 112 118 1 135 2 1 1 1 13 2 1 1 1 1 520 526 1 1 1 521 1 1 1 1 1 2 104 113 6 2 2 43 3 1 1 2 24 1 24 1 1 1 1 819 823 826 1 28 3 2 1 2 1 1 11 1 1 1 18 1 5 4 1 1 1 3 1064 317 5 2 1
1 2 1 1 1 5 1 1 1 32 35 1 1 104 3 2 1 1 1 1 1 88 98 105 1 1 4 4 7 1 3 4 9 1 1 1 1 1 509 7 4 1 2 514 4 1 1 1 1 2 97 2 2 5 1 1 42 1 1 1 20 1 21 1 1 1 799 802 13 2 2 1 24 2 2 1 1 4 6 2 1 1 16 1 1 3 2 1 1 1 1059 1 304 7 2 1
1 2 1 1 2 1 1 1 28 2 1 1 98 3 2 2 1 1 80 84 86 3 4 1 5 3 3 3 3 2 1 2 1 1 1 1 2 505 1 6 3 1 2 510 1 2 1 2 69 92 2 1 1 4 1 39 1 1 1 1 18 1 20 1 2 794 1 2 12 1 1 4 18 1 1 1 1 2 1 1 1 1 13 1 1 1 1 1 1 1055 1056 1 303 1 5 1
1 2 1 1 1 1 1 24 1 1 2 1 93 3 2 1 1 2 78 1 1 2 3 4 2 2 2 2 1 1 1 1 1 3 5 6 498 2 1 5 2 1 1 505 1 1 2 64 1 20 1 1 1 2 1 36 1 1 2 15 1 17 1 2 788 1 1 1 11 3 1 2 17 4 3 2 1 1 1 2 5 9 1 1 1 1 1 1 1050 1052 293 298 3 1 2 2
1 2 1 1 2 15 18 2 1 1 1 84 89 2 2 1 1 1 74 1 1 2 3 1 1 1 1 1 1 1 242 243 245 1 1 1 488 1 1 4 1 1 501 2 1 1 58 1 1 17 2 1 1 2 3 33 1 1 10 11 1 16 1 1 785 2 1 1 2 4 2 1 3 9 7 2 1 1 1 1 1 1 1 1 1 3 1044 1047 1 290 2 3 1 2 1 1
1 2 1 1 5 5 1 1 1 1 1 80 2 2 1 1 1 1 72 1 1 2 2 1 1 1 1 1 232 237 1 1 1 466 1 474 487 3 2 3 1 2 499 1 1 1 56 1 1 12 3 1 1 2 8 20 1 2 8 1 13 1 1 705 2 74 1 1 1 1 2 1 2 1 3 1 1 1 3 1 1 1 1 2 1033 1038 1 2 1 288 1 1 1 1 1 1
1 4 3 2 2 3 1 1 1 1 2 78 2 1 1 1 1 66 2 1 1 1 1 5 1 224 227 229 2 1 1 2 218 1 470 1 8 1 1 2 1 492 2 1 1 52 1 1 1 8 2 1 1 2 5 19 1 2 5 1 11 1 698 702 1 1 72 1 1 3 1 1 1 1 1 1 4 1 18 21 1 2 1 1027 3 2 1 1 1 287 267 1 1 1 7 4
1 3 2 1 1 2 2 3 2 2 71 1 1 1 56 59 61 2 1 1 1 1 1 7 218 2 1 1 1 1 1 191 194 20 1 1 6 1 1 1 2 489 1 1 1 50 1 1 1 2 4 1 1 1 2 18 1 2 1 8 1 1 696 2 1 1 2 66 8 1 1 1 1 1 1 1 1 10 12 1 25 27 1018 4 2 2 1 1 17 1 2 263 261 257 1 1
1 2 1 1 1 1 1 1 4 64 2 1 1 52 55 1 1 1 1 169 172 178 179 185 25 1 1 1 1 183 188 1 2 18 1 1 3 1 1 2 480 5 1 3 7 40 37 34 1 1 2 1 2 3 16 1 1 2 5 1 1 1 694 2 1 1 2 55 2 1 2 1 2 9 7 1 2 2 1 2 1 985 1 2 3 1 1 2 14 1 1 1 2 247 3 1
1 2 1 1 2 3 1 2 56 1 1 1 48 2 1 1 1 1 164 2 1 4 5 8 15 1 1 1 177 4 2 1 1 17 1 1 1 1 2 473 1 3 4 2 3 2 1 1 31 5 1 1 1 2 11 1 1 1 1 1 1 688 1 1 1 1 1 2 51 1 23 20 18 2 1 3 1 1 1 1 2 980 1 1 1 1 1 3 3 5 1 1 1 1 241 46
1 2 1 1 2 3 4 50 1 1 1 45 1 1 1 1 1 161 1 1 3 4 7 2 10 1 1 3 174 1 3 1 2 7 6 1 1 2 467 2 1 2 3 1 2 1 1 13 11 1 4 1 2 7 1 1 2 3 1 622 636 685 45 43 1 1 1 2 47 33 9 2 1 3 1 1 1 1 1 1 626 353 352 1 1 1 1 1 2 2 1 2 3 191 2 1
1 2 1 1 1 1 41 2 1 1 41 1 1 1 1 139 156 1 1 2 3 6 1 1 8 46 58 60 109 2 1 2 1 6 3 1 1 432 1 31 1 1 1 1 1 7 9 11 9 1 3 1 3 4 1 1 1 1 620 1 11 2 1 1 41 2 1 2 10 1 4 2 1 1 1 1 1 1 3 604 624 1 1 349 346 1 1 1 1 1 1 1 2 187 2 1
1 2 1 1 2 28 7 1 1 1 39 1 1 127 130 6 10 5 1 2 5 5 6 7 45 2 9 1 1 105 4 3 1 5 1 1 2 429 1 30 19 18 10 7 1 6 1 1 5 3 2 1 1 2 1 2 408 612 1 2 9 1 1 1 38 4 3 1 2 7 2 1 1 1 1 2 498 594 598 2 3 15 1 1 4 338 334 1 1 1 1 3 9 173 1 1
1 2 1 1 15 3 6 6 3 1 36 1 1 125 1 5 9 4 1 4 4 3 36 44 1 3 4 1 1 3 96 11 2 3 1 1 1 419 6 9 1 4 3 2 5 4 1 1 3 2 1 1 1 2 399 404 2 199 1 1 1 7 1 1 3 29 1 2 1 5 1 1 1 1 2 493 1 95 2 1 2 2 12 1 2 2 1 330 5 1 1 1 5 171 1 1
1 2 1 3 9 2 5 2 2 1 6 26 1 121 1 4 8 3 3 3 2 2 30 6 1 2 2 1 2 1 82 1 10 1 2 1 2 417 1 5 8 3 2 1 2 2 3 1 1 1 1 1 388 390 4 3 1 198 1 1 1 3 1 1 12 15 12 2 1 2 2 1 1 2 488 1 1 88 5 1 1 1 8 3 1 1 1 323 1 1 1 3 2 167 153 2
1 2 1 2 8 1 4 1 1 3 2 25 4 115 1 3 7 2 2 2 1 1 29 4 1 1 1 1 2 72 1 8 8 1 1 3 410 3 1 2 2 7 2 1 1 1 1 1 1 1 1 383 2 1 3 2 1 9 186 1 1 1 1 1 11 1 1 9 1 1 1 1 3 483 1 1 84 1 2 4 1 1 6 1 1 2 3 321 2 1 1 1 1 12 2 147
1 2 1 1 6 1 2 1 2 1 17 7 3 113 1 2 6 1 1 1 1 27 1 2 1 1 1 1 1 67 1 7 2 5 2 2 404 1 1 1 1 6 1 1 1 1 1 1 1 3 369 377 3 1 2 1 4 4 9 174 170 2 1 2 6 1 1 7 3 1 1 1 476 1 1 1 82 5 1 1 2 1 3 1 1 1 2 315 3 1 1 3 9 2 1 3
1 2 1 1 2 2 1 1 1 16 3 3 2 111 1 1 4 1 1 14 21 2 2 1 25 39 46 47 62 3 1 6 1 4 1 1 2 401 1 1 2 1 1 1 1 3 2 1 3 82 364 3 4 2 1 1 2 3 8 2 1 166 1 1 3 2 2 1 1 1 1 472 1 1 1 73 1 1 3 2 1 1 1 1 1 2 307 1 1 1 1 1 4 1 2 1
1 2 1 1 1 1 2 3 11 3 2 2 1 3 107 2 3 1 9 12 6 1 1 24 6 6 5 1 12 1 2 3 2 2 1 1 1 398 6 4 1 1 1 1 2 71 75 77 78 278 1 2 2 3 1 1 2 5 2 1 2 162 7 2 2 1 1 1 2 462 466 1 2 1 9 2 60 58 9 8 5 2 1 1 2 3 254 50 1 1 1 1 2 1 1 1
1 3 2 1 1 1 1 1 6 2 1 1 2 3 4 97 1 1 8 2 4 1 21 2 5 5 4 1 9 1 1 2 1 1 1 6 384 7 2 1 1 1 1 52 55 9 1 1 2 273 2 1 1 1 2 1 1 3 1 1 1 153 1 4 1 1 1 2 458 1 1 1 1 1 6 1 1 2 46 2 2 2 1 1 1 1 249 2 46 4 2 1 1 1 2 4
1 5 4 2 1 2 1 1 2 2 1 1 2 2 1 95 1 1 6 1 3 10 10 1 4 4 3 4 3 1 1 1 2 3 4 1 377 2 2 1 1 2 48 1 1 7 1 1 1 1 270 1 1 2 1 1 1 1 1 1 121 150 1 1 2 1 1 2 455 2 1 1 1 1 3 1 1 1 41 1 1 1 1 2 4 247 1 1 1 39 2 1 1 2 3 4
1 446 445 444 15 14 9 6 3 1 1 1 1 1 91 3 2 1 4 1 2 9 8 1 3 3 2 3 1 1 1 2 36 37 39 40 373 2 1 1 1 30 12 2 1 3 2 1 4 7 261 11 7 2 1 1 1 1 1 111 119 28 2 1 1 1 4 5 447 3 2 2 1 1 1 1 1 2 40 3 2 1 1 2 3 237 1 1 30 3 3 1 1 2 3 6
1 2 1 1 426 1 1 2 2 2 1 2 3 4 89 17 16 1 2 1 1 8 6 1 2 2 1 2 1 28 30 32 1 1 1 328 1 3 1 1 19 28 2 9 1 2 1 2 2 2 247 2 2 2 1 1 2 100 107 1 7 1 24 2 1 1 1 2 402 39 35 30 2 1 2 1 1 4 34 2 1 1 1 1 2 236 1 1 28 1 1 1 1 1 2 1
1 2 1 1 423 3 2 1 1 1 1 2 4 63 3 1 2 12 2 1 4 3 4 1 1 1 1 1 24 2 1 1 1 2 324 1 1 2 1 15 2 8 1 8 2 1 1 1 1 1 243 2 1 1 1 91 94 2 4 1 6 1 19 1 1 1 1 398 1 3 2 2 24 18 2 1 2 1 3 23 3 1 1 2 1 232 1 1 24 2 1 1 2 4 1 2
1 2 1 1 419 5 4 3 2 1 1 1 1 58 1 1 1 5 4 1 3 2 2 1 1 2 3 4 22 1 1 2 1 1 321 2 1 1 1 12 1 6 1 4 1 1 1 2 3 235 4 1 1 1 84 4 2 1 3 3 2 1 7 10 1 4 394 1 1 2 1 1 4 4 9 1 1 2 3 19 2 1 1 2 224 5 1 1 5 17 1 1 2 4 15 16
1 2 1 1 411 2 1 1 1 1 1 2 5 8 48 2 1 2 2 3 2 1 1 2 5 8 14 16 1 1 2 6 13 300 14 3 2 1 1 9 1 4 1 2 1 2 3 4 1 225 6 3 1 1 78 4 3 1 2 2 1 3 3 9 1 2 388 1 1 1 1 1 2 3 6 1 1 2 3 12 1 1 1 218 1 2 1 1 2 15 4 3 1 2 4 5
1 2 1 1 398 10 8 5 3 1 1 2 2 2 30 13 10 1 1 1 2 1 1 2 2 2 3 1 1 2 3 4 1 284 1 13 2 1 1 2 5 2 1 1 1 1 2 3 220 2 1 5 1 2 71 3 3 2 1 1 2 2 7 1 1 1 1 382 2 1 1 1 1 2 2 3 1 2 1 7 1 2 175 2 38 1 1 1 3 6 1 2 1 3 4 29
1 2 1 1 396 1 1 1 1 1 1 1 1 2 25 2 2 8 6 4 2 1 1 1 1 1 1 1 1 2 3 1 2 282 1 2 8 6 3 1 3 1 1 1 1 1 1 1 206 6 1 3 1 1 69 1 2 2 1 1 1 5 1 1 2 14 18 2 358 2 2 1 1 1 1 2 1 2 5 1 1 170 1 1 36 1 1 1 1 2 3 1 2 3 4 24
1 2 1 1 393 8 7 6 4 2 1 1 1 1 3 20 1 1 1 1 1 1 1 2 1 1 1 1 3 4 1 1 1 278 2 1 1 1 2 2 1 1 2 3 2 2 190 195 8 1 5 1 1 57 11 2 1 1 1 1 3 1 1 2 11 3 1 27 1 326 2 2 1 1 1 1 1 1 1 1 1 167 1 1 33 23 1 1 1 1 2 1 2 3 16 6
1 2 1 4 6 377 1 1 1 6 4 2 1 1 1 19 9 7 5 3 1 1 2 5 9 12 14 2 1 1 49 50 53 274 13 12 10 2 1 1 1 1 1 2 180 184 2 3 6 1 3 1 1 55 1 7 5 3 1 1 1 2 6 8 2 1 24 2 1 2 318 2 2 2 1 1 1 1 2 3 162 2 1 3 3 3 20 14 2 1 1 1 2 1 14 4
1 2 1 3 1 2 373 14 12 5 4 3 2 1 1 2 6 1 1 1 1 1 2 1 1 1 5 34 37 40 42 1 1 205 2 1 1 7 5 3 1 1 3 6 174 1 1 2 4 1 1 1 1 54 22 1 1 1 1 1 2 3 1 1 1 20 2 1 1 1 313 24 5 2 2 1 1 2 3 4 157 1 1 2 2 2 4 3 7 2 1 1 1 11 2 2
1 2 1 2 1 1 1 355 1 1 1 1 1 1 1 1 1 4 3 2 1 1 1 1 2 3 13 1 1 1 1 2 3 194 9 2 1 1 1 1 1 1 2 1 166 3 2 1 2 1 1 2 29 1 1 19 12 2 1 1 3 5 8 14 16 2 1 1 1 1 287 1 16 14 3 1 1 3 6 8 151 1 1 1 1 1 3 2 2 2 1 1 2 7 1 1
1 2 1 1 1 1 1 352 4 2 1 3 1 3 2 1 1 1 1 1 1 1 3 6 8 11 1 1 1 2 3 1 2 189 1 6 5 3 2 1 1 1 1 2 157 5 2 1 1 2 3 15 10 1 1 5 5 4 1 1 1 2 3 2 1 1 1 1 2 281 1 2 1 6 2 1 1 2 1 1 141 2 1 1 1 1 1 1 1 1 1 2 4 2 1 1
1 2 1 1 1 3 79 82 265 263 5 2 7 3 1 1 2 3 2 2 1 1 1 1 2 1 2 3 5 1 28 32 34 152 27 22 18 6 5 4 2 1 1 2 152 2 2 1 1 2 8 3 7 2 1 3 2 2 2 1 1 1 1 1 1 1 1 3 257 18 2 1 1 1 4 1 1 3 4 5 137 115 2 2 1 2 1 1 1 1 1 1 1 1 1 2
1 2 1 1 2 1 74 2 1 2 255 8 1 2 2 1 9 3 3 2 2 1 1 1 1 2 3 4 14 24 26 1 1 120 3 4 3 11 10 5 3 1 1 2 146 1 1 1 1 3 2 2 4 2 1 2 1 1 1 1 1 1 1 1 2 4 6 7 252 1 17 15 2 1 1 1 1 1 2 14 2 111 54 49 1 3 3 2 2 3 1 1 1 2 4 6
1 2 1 1 3 69 2 1 1 1 2 242 237 5 1 13 11 1 4 5 2 2 1 1 1 2 7 9 2 2 1 2 3 119 3 2 3 2 2 2 1 1 2 3 145 1 1 1 1 2 1 1 3 1 1 1 1 1 1 47 53 55 2 1 1 1 1 2 241 2 1 2 10 8 3 1 1 2 11 1 1 55 1 2 46 44 14 10 6 2 1 1 2 1 1 2
1 2 1 1 45 1 17 1 1 1 1 2 2 229 14 1 1 1 10 3 3 5 3 1 1 3 1 1 1 1 1 1 2 112 2 2 1 2 1 1 1 1 2 3 140 24 21 20 3 1 1 1 1 1 1 2 5 40 43 2 2 1 58 63 65 116 118 236 1 1 1 1 1 2 2 1 2 7 1 1 48 3 2 1 1 22 1 1 1 1 1 1 2 3 2 1
1 2 1 40 2 1 16 14 5 2 1 1 2 1 210 204 38 37 18 14 10 4 3 2 1 1 1 1 1 1 1 1 1 106 1 1 1 1 1 1 1 1 1 2 111 1 1 1 14 1 1 1 1 2 6 13 31 34 1 1 1 1 1 48 50 1 69 2 46 2 1 1 1 1 1 1 2 2 1 37 4 5 2 1 1 2 18 3 2 1 2 1 2 3 6 2
1 2 1 38 1 1 1 5 2 2 1 1 2 3 4 163 1 1 6 4 2 1 1 2 1 1 1 3 5 8 10 43 46 58 1 1 1 8 7 5 2 1 1 2 106 1 1 1 1 10 7 1 1 2 6 2 15 1 1 1 1 1 45 47 1 14 67 1 1 42 40 3 1 1 1 1 1 1 2 35 2 1 4 1 1 5 3 6 3 1 4 2 1 3 4 9
1 2 1 5 32 8 1 2 2 1 1 1 1 2 3 162 1 1 1 1 1 2 5 2 1 1 3 4 5 6 31 1 1 56 52 22 20 10 9 5 3 1 1 5 99 95 1 1 1 1 3 1 2 5 1 2 12 1 3 6 10 42 1 1 13 1 2 49 1 1 4 31 29 4 2 1 1 2 6 7 19 1 2 1 1 3 2 2 1 1 2 9 16 21 1 15
1 2 1 4 1 22 6 2 1 1 1 1 1 2 3 157 2 1 1 1 15 13 5 4 3 1 1 3 6 16 7 1 1 2 28 2 1 1 1 2 1 1 3 1 2 2 90 4 2 1 1 1 1 2 1 10 1 1 2 2 25 4 1 1 11 1 1 46 3 1 3 1 2 21 2 1 1 3 4 2 18 2 1 1 1 1 1 1 1 2 3 6 1 3 27 29
1 2 1 2 1 21 2 1 1 1 2 1 2 1 1 2 149 69 67 29 12 10 2 1 1 1 1 2 3 6 3 3 1 3 5 17 8 6 4 2 1 1 1 1 1 1 84 58 1 1 1 1 1 1 1 6 2 1 1 2 22 3 1 8 2 1 2 37 3 1 2 1 7 6 5 1 1 3 1 2 4 9 2 1 1 1 1 1 1 1 1 1 1 1 1 1
