docker_testcase/datasets_hmc/static_data/gridded/liguria/liguria.lon.txt
ncols          559
nrows          167
xllcorner       7.4952
yllcorner      43.7565
cellsize     0.005007
NODATA_value        -9999
[rows 32 to 63 of 167, columns 144 to 215 of 559]
8.21871 8.22372 8.22873 8.23373 8.23874 8.24375 8.24875 8.25376 8.25877 8.26377 8.26878 8.27379 8.2788 8.2838 8.28881 8.29382 8.29882 8.30383 8.30884 8.31384 8.31885 8.32386 8.32887 8.33387 8.33888 8.34389 8.34889 8.3539 8.35891 8.36391 8.36892 8.37393 8.37894 8.38394 8.38895 8.39396 8.39896 8.40397 8.40898 8.41398 8.41899 8.424 8.42901 8.43401 8.43902 8.44403 8.44903 8.45404 8.45905 8.46405 8.46906 8.47407 8.47908 8.48408 8.48909 8.4941 8.4991 8.50411 8.50912 8.51412 8.51913 8.52414 8.52915 8.53415 8.53916 8.54417 8.54917 8.55418 8.55919 8.56419 8.5692 8.57421
8.21871 8.22372 8.22873 8.23373 8.23874 8.24375 8.24875 8.25376 8.25877 8.26377 8.26878 8.27379 8.2788 8.2838 8.28881 8.29382 8.29882 8.30383 8.30884 8.31384 8.31885 8.32386 8.32887 8.33387 8.33888 8.34389 8.34889 8.3539 8.35891 8.36391 8.36892 8.37393 8.37894 8.38394 8.38895 8.39396 8.39896 8.40397 8.40898 8.41398 8.41899 8.424 8.42901 8.43401 8.43902 8.44403 8.44903 8.45404 8.45905 8.46405 8.46906 8.47407 8.47908 8.48408 8.48909 8.4941 8.4991 8.50411 8.50912 8.51412 8.51913 8.52414 8.52915 8.53415 8.53916 8.54417 8.54917 8.55418 8.55919 8.56419 8.5692 8.57421
8.21871 8.22372 8.22873 8.23373 8.23874 8.24375 8.24875 8.25376 8.25877 8.26377 8.26878 8.27379 8.2788 8.2838 8.28881 8.29382 8.29882 8.30383 8.30884 8.31384 8.31885 8.32386 8.32887 8.33387 8.33888 8.34389 8.34889 8.3539 8.35891 8.36391 8.36892 8.37393 8.37894 8.38394 8.38895 8.39396 8.39896 8.40397 8.40898 8.41398 8.41899 8.424 8.42901 8.43401 8.43902 8.44403 8.44903 8.45404 8.45905 8.46405 8.46906 8.47407 8.47908 8.48408 8.48909 8.4941 8.4991 8.50411 8.50912 8.51412 8.51913 8.52414 8.52915 8.53415 8.53916 8.54417 8.54917 8.55418 8.55919 8.56419 8.5692 8.57421
8.21871 8.22372 8.22873 8.23373 8.23874 8.24375 8.24875 8.25376 8.25877 8.26377 8.26878 8.27379 8.2788 8.2838 8.28881 8.29382 8.29882 8.30383 8.30884 8.31384 8.31885 8.32386 8.32887 8.33387 8.33888 8.34389 8.34889 8.3539 8.35891 8.36391 8.36892 8.37393 8.37894 8.38394 8.38895 8.39396 8.39896 8.40397 8.40898 8.41398 8.41899 8.424 8.42901 8.43401 8.43902 8.44403 8.44903 8.45404 8.45905 8.46405 8.46906 8.47407 8.47908 8.48408 8.48909 8.4941 8.4991 8.50411 8.50912 8.51412 8.51913 8.52414 8.52915 8.53415 8.53916 8.54417 8.54917 8.55418 8.55919 8.56419 8.5692 8.57421
8.21871 8.22372 8.22873 8.23373 8.23874 8.24375 8.24875 8.25376 8.25877 8.26377 8.26878 8.27379 8.2788 8.2838 8.28881 8.29382 8.29882 8.30383 8.30884 8.31384 8.31885 8.32386 8.32887 8.33387 8.33888 8.34389 8.34889 8.3539 8.35891 8.36391 8.36892 8.37393 8.37894 8.38394 8.38895 8.39396 8.39896 8.40397 8.40898 8.41398 8.41899 8.424 8.42901 8.43401 8.43902 8.44403 8.44903 8.45404 8.45905 8.46405 8.46906 8.47407 8.47908 8.48408 8.48909 8.4941 8.4991 8.50411 8.50912 8.51412 8.51913 8.52414 8.52915 8.53415 8.53916 8.54417 8.54917 8.55418 8.55919 8.56419 8.5692 8.57421
8.21871 8.22372 8.22873 8.23373 8.23874 8.24375 8.24875 8.25376 8.25877 8.26377 8.26878 8.27379 8.2788 8.2838 8.28881 8.29382 8.29882 8.30383 8.30884 8.31384 8.31885 8.32386 8.32887 8.33387 8.33888 8.34389 8.34889 8.3539 8.35891 8.36391 8.36892 8.37393 8.37894 8.38394 8.38895 8.39396 8.39896 8.40397 8.40898 8.41398 8.41899 8.424 8.42901 8.43401 8.43902 8.44403 8.44903 8.45404 8.45905 8.46405 8.46906 8.47407 8.47908 8.48408 8.48909 8.4941 8.4991 8.50411 8.50912 8.51412 8.51913 8.52414 8.52915 8.53415 8.53916 8.54417 8.54917 8.55418 8.55919 8.56419 8.5692 8.57421
8.21871 8.22372 8.22873 8.23373 8.23874 8.24375 8.24875 8.25376 8.25877 8.26377 8.26878 8.27379 8.2788 8.2838 8.28881 8.29382 8.29882 8.30383 8.30884 8.31384 8.31885 8.32386 8.32887 8.33387 8.33888 8.34389 8.34889 8.3539 8.35891 8.36391 8.36892 8.37393 8.37894 8.38394 8.38895 8.39396 8.39896 8.40397 8.40898 8.41398 8.41899 8.424 8.42901 8.43401 8.43902 8.44403 8.44903 8.45404 8.45905 8.46405 8.46906 8.47407 8.47908 8.48408 8.48909 8.4941 8.4991 8.50411 8.50912 8.51412 8.51913 8.52414 8.52915 8.53415 8.53916 8.54417 8.54917 8.55418 8.55919 8.56419 8.5692 8.57421
8.21871 8.22372 8.22873 8.23373 8.23874 8.24375 8.24875 8.25376 8.25877 8.26377 8.26878 8.27379 8.2788 8.2838 8.28881 8.29382 8.29882 8.30383 8.30884 8.31384 8.31885 8.32386 8.32887 8.33387 8.33888 8.34389 8.34889 8.3539 8.35891 8.36391 8.36892 8.37393 8.37894 8.38394 8.38895 8.39396 8.39896 8.40397 8.40898 8.41398 8.41899 8.424 8.42901 8.43401 8.43902 8.44403 8.44903 8.45404 8.45905 8.46405 8.46906 8.47407 8.47908 8.48408 8.48909 8.4941 8.4991 8.50411 8.50912 8.51412 8.51913 8.52414 8.52915 8.53415 8.53916 8.54417 8.54917 8.55418 8.55919 8.56419 8.5692 8.57421
8.21871 8.22372 8.22873 8.23373 8.23874 8.24375 8.24875 8.25376 8.25877 8.26377 8.26878 8.27379 8.2788 8.2838 8.28881 8.29382 8.29882 8.30383 8.30884 8.31384 8.31885 8.32386 8.32887 8.33387 8.33888 8.34389 8.34889 8.3539 8.35891 8.36391 8.36892 8.37393 8.37894 8.38394 8.38895 8.39396 8.39896 8.40397 8.40898 8.41398 8.41899 8.424 8.42901 8.43401 8.43902 8.44403 8.44903 8.45404 8.45905 8.46405 8.46906 8.47407 8.47908 8.48408 8.48909 8.4941 8.4991 8.50411 8.50912 8.51412 8.51913 8.52414 8.52915 8.53415 8.53916 8.54417 8.54917 8.55418 8.55919 8.56419 8.5692 8.57421
8.21871 8.22372 8.22873 8.23373 8.23874 8.24375 8.24875 8.25376 8.25877 8.26377 8.26878 8.27379 8.2788 8.2838 8.28881 8.29382 8.29882 8.30383 8.30884 8.31384 8.31885 8.32386 8.32887 8.33387 8.33888 8.34389 8.34889 8.3539 8.35891 8.36391 8.36892 8.37393 8.37894 8.38394 8.38895 8.39396 8.39896 8.40397 8.40898 8.41398 8.41899 8.424 8.42901 8.43401 8.43902 8.44403 8.44903 8.45404 8.45905 8.46405 8.46906 8.47407 8.47908 8.48408 8.48909 8.4941 8.4991 8.50411 8.50912 8.51412 8.51913 8.52414 8.52915 8.53415 8.53916 8.54417 8.54917 8.55418 8.55919 8.56419 8.5692 8.57421
8.21871 8.22372 8.22873 8.23373 8.23874 8.24375 8.24875 8.25376 8.25877 8.26377 8.26878 8.27379 8.2788 8.2838 8.28881 8.29382 8.29882 8.30383 8.30884 8.31384 8.31885 8.32386 8.32887 8.33387 8.33888 8.34389 8.34889 8.3539 8.35891 8.36391 8.36892 8.37393 8.37894 8.38394 8.38895 8.39396 8.39896 8.40397 8.40898 8.41398 8.41899 8.424 8.42901 8.43401 8.43902 8.44403 8.44903 8.45404 8.45905 8.46405 8.46906 8.47407 8.47908 8.48408 8.48909 8.4941 8.4991 8.50411 8.50912 8.51412 8.51913 8.52414 8.52915 8.53415 8.53916 8.54417 8.54917 8.55418 8.55919 8.56419 8.5692 8.57421
8.21871 8.22372 8.22873 8.23373 8.23874 8.24375 8.24875 8.25376 8.25877 8.26377 8.26878 8.27379 8.2788 8.2838 8.28881 8.29382 8.29882 8.30383 8.30884 8.31384 8.31885 8.32386 8.32887 8.33387 8.33888 8.34389 8.34889 8.3539 8.35891 8.36391 8.36892 8.37393 8.37894 8.38394 8.38895 8.39396 8.39896 8.40397 8.40898 8.41398 8.41899 8.424 8.42901 8.43401 8.43902 8.44403 8.44903 8.45404 8.45905 8.46405 8.46906 8.47407 8.47908 8.48408 8.48909 8.4941 8.4991 8.50411 8.50912 8.51412 8.51913 8.52414 8.52915 8.53415 8.53916 8.54417 8.54917 8.55418 8.55919 8.56419 8.5692 8.57421
8.21871 8.22372 8.22873 8.23373 8.23874 8.24375 8.24875 8.25376 8.25877 8.26377 8.26878 8.27379 8.2788 8.2838 8.28881 8.29382 8.29882 8.30383 8.30884 8.31384 8.31885 8.32386 8.32887 8.33387 8.33888 8.34389 8.34889 8.3539 8.35891 8.36391 8.36892 8.37393 8.37894 8.38394 8.38895 8.39396 8.39896 8.40397 8.40898 8.41398 8.41899 8.424 8.42901 8.43401 8.43902 8.44403 8.44903 8.45404 8.45905 8.46405 8.46906 8.47407 8.47908 8.48408 8.48909 8.4941 8.4991 8.50411 8.50912 8.51412 8.51913 8.52414 8.52915 8.53415 8.53916 8.54417 8.54917 8.55418 8.55919 8.56419 8.5692 8.57421
8.21871 8.22372 8.22873 8.23373 8.23874 8.24375 8.24875 8.25376 8.25877 8.26377 8.26878 8.27379 8.2788 8.2838 8.28881 8.29382 8.29882 8.30383 8.30884 8.31384 8.31885 8.32386 8.32887 8.33387 8.33888 8.34389 8.34889 8.3539 8.35891 8.36391 8.36892 8.37393 8.37894 8.38394 8.38895 8.39396 8.39896 8.40397 8.40898 8.41398 8.41899 8.424 8.42901 8.43401 8.43902 8.44403 8.44903 8.45404 8.45905 8.46405 8.46906 8.47407 8.47908 8.48408 8.48909 8.4941 8.4991 8.50411 8.50912 8.51412 8.51913 8.52414 8.52915 8.53415 8.53916 8.54417 8.54917 8.55418 8.55919 8.56419 8.5692 8.57421
8.21871 8.22372 8.22873 8.23373 8.23874 8.24375 8.24875 8.25376 8.25877 8.26377 8.26878 8.27379 8.2788 8.2838 8.28881 8.29382 8.29882 8.30383 8.30884 8.31384 8.31885 8.32386 8.32887 8.33387 8.33888 8.34389 8.34889 8.3539 8.35891 8.36391 8.36892 8.37393 8.37894 8.38394 8.38895 8.39396 8.39896 8.40397 8.40898 8.41398 8.41899 8.424 8.42901 8.43401 8.43902 8.44403 8.44903 8.45404 8.45905 8.46405 8.46906 8.47407 8.47908 8.48408 8.48909 8.4941 8.4991 8.50411 8.50912 8.51412 8.51913 8.52414 8.52915 8.53415 8.53916 8.54417 8.54917 8.55418 -9999 -9999 -9999 -9999
8.21871 8.22372 8.22873 8.23373 8.23874 8.24375 8.24875 8.25376 8.25877 8.26377 8.26878 8.27379 8.2788 8.2838 8.28881 8.29382 8.29882 8.30383 8.30884 8.31384 8.31885 8.32386 8.32887 8.33387 8.33888 8.34389 8.34889 8.3539 8.35891 8.36391 8.36892 8.37393 8.37894 8.38394 8.38895 8.39396 8.39896 8.40397 8.40898 8.41398 8.41899 8.424 8.42901 8.43401 8.43902 8.44403 8.44903 8.45404 8.45905 8.46405 8.46906 8.47407 8.47908 8.48408 8.48909 8.4941 8.4991 8.50411 8.50912 8.51412 8.51913 8.52414 8.52915 8.53415 8.53916 8.54417 8.54917 8.55418 -9999 -9999 -9999 -9999
8.21871 8.22372 8.22873 8.23373 8.23874 8.24375 8.24875 8.25376 8.25877 8.26377 8.26878 8.27379 8.2788 8.2838 8.28881 8.29382 8.29882 8.30383 8.30884 8.31384 8.31885 8.32386 8.32887 8.33387 8.33888 8.34389 8.34889 8.3539 8.35891 8.36391 8.36892 8.37393 8.37894 8.38394 8.38895 8.39396 8.39896 8.40397 8.40898 8.41398 8.41899 8.424 8.42901 8.43401 8.43902 8.44403 8.44903 8.45404 8.45905 8.46405 8.46906 8.47407 8.47908 8.48408 8.48909 8.4941 8.4991 8.50411 8.50912 8.51412 8.51913 8.52414 8.52915 8.53415 8.53916 8.54417 -9999 -9999 -9999 -9999 -9999 -9999
8.21871 8.22372 8.22873 8.23373 8.23874 8.24375 8.24875 8.25376 8.25877 8.26377 8.26878 8.27379 8.2788 8.2838 8.28881 8.29382 8.29882 8.30383 8.30884 8.31384 8.31885 8.32386 8.32887 8.33387 8.33888 8.34389 8.34889 8.3539 8.35891 8.36391 8.36892 8.37393 8.37894 8.38394 8.38895 8.39396 8.39896 8.40397 8.40898 8.41398 8.41899 8.424 8.42901 8.43401 8.43902 8.44403 8.44903 8.45404 8.45905 8.46405 8.46906 8.47407 8.47908 8.48408 8.48909 8.4941 8.4991 8.50411 8.50912 8.51412 8.51913 8.52414 8.52915 8.53415 -9999 -9999 -9999 -9999 -9999 -9999 -9999 -9999
8.21871 8.22372 8.22873 8.23373 8.23874 8.24375 8.24875 8.25376 8.25877 8.26377 8.26878 8.27379 8.2788 8.2838 8.28881 8.29382 8.29882 8.30383 8.30884 8.31384 8.31885 8.32386 8.32887 8.33387 8.33888 8.34389 8.34889 8.3539 8.35891 8.36391 8.36892 8.37393 8.37894 8.38394 8.38895 8.39396 8.39896 8.40397 8.40898 8.41398 8.41899 8.424 8.42901 8.43401 8.43902 8.44403 8.44903 8.45404 8.45905 8.46405 8.46906 8.47407 8.47908 8.48408 8.48909 8.4941 8.4991 8.50411 8.50912 8.51412 8.51913 8.52414 8.52915 -9999 -9999 -9999 -9999 -9999 -9999 -9999 -9999 -9999
8.21871 8.22372 8.22873 8.23373 8.23874 8.24375 8.24875 8.25376 8.25877 8.26377 8.26878 8.27379 8.2788 8.2838 8.28881 8.29382 8.29882 8.30383 8.30884 8.31384 8.31885 8.32386 8.32887 8.33387 8.33888 8.34389 8.34889 8.3539 8.35891 8.36391 8.36892 8.37393 8.37894 8.38394 8.38895 8.39396 8.39896 8.40397 8.40898 8.41398 8.41899 8.424 8.42901 8.43401 8.43902 8.44403 8.44903 8.45404 8.45905 8.46405 8.46906 8.47407 8.47908 8.48408 8.48909 8.4941 8.4991 -9999 -9999 -9999 -9999 -9999 -9999 -9999 -9999 -9999 -9999 -9999 -9999 -9999 -9999 -9999
8.21871 8.22372 8.22873 8.23373 8.23874 8.24375 8.24875 8.25376 8.25877 8.26377 8.26878 8.27379 8.2788 8.2838 8.28881 8.29382 8.29882 8.30383 8.30884 8.31384 8.31885 8.32386 8.32887 8.33387 8.33888 8.34389 8.34889 8.3539 8.35891 8.36391 8.36892 8.37393 8.37894 8.38394 8.38895 8.39396 8.39896 8.40397 8.40898 8.41398 8.41899 8.424 8.42901 8.43401 8.43902 8.44403 8.44903 8.45404 8.45905 8.46405 8.46906 8.47407 8.47908 8.48408 8.48909 -9999 -9999 -9999 -9999 -9999 -9999 -9999 -9999 -9999 -9999 -9999 -9999 -9999 -9999 -9999 -9999 -9999
8.21871 8.22372 8.22873 8.23373 8.23874 8.24375 8.24875 8.25376 8.25877 8.26377 8.26878 8.27379 8.2788 8.2838 8.28881 8.29382 8.29882 8.30383 8.30884 8.31384 8.31885 8.32386 8.32887 8.33387 8.33888 8.34389 8.34889 8.3539 8.35891 8.36391 8.36892 8.37393 8.37894 8.38394 8.38895 8.39396 8.39896 8.40397 8.40898 8.41398 8.41899 8.424 8.42901 8.43401 8.43902 8.44403 8.44903 8.45404 8.45905 8.46405 8.46906 8.47407 8.47908 8.48408 -9999 -9999 -9999 -9999 -9999 -9999 -9999 -9999 -9999 -9999 -9999 -9999 -9999 -9999 -9999 -9999 -9999 -9999
8.21871 8.22372 8.22873 8.23373 8.23874 8.24375 8.24875 8.25376 8.25877 8.26377 8.26878 8.27379 8.2788 8.2838 8.28881 8.29382 8.29882 8.30383 8.30884 8.31384 8.31885 8.32386 8.32887 8.33387 8.33888 8.34389 8.34889 8.3539 8.35891 8.36391 8.36892 8.37393 8.37894 8.38394 8.38895 8.39396 8.39896 8.40397 8.40898 8.41398 8.41899 8.424 8.42901 8.43401 8.43902 8.44403 8.44903 8.45404 8.45905 8.46405 8.46906 8.47407 8.47908 -9999 -9999 -9999 -9999 -9999 -9999 -9999 -9999 -9999 -9999 -9999 -9999 -9999 -9999 -9999 -9999 -9999 -9999 -9999
8.21871 8.22372 8.22873 8.23373 8.23874 8.24375 8.24875 8.25376 8.25877 8.26377 8.26878 8.27379 8.2788 8.2838 8.28881 8.29382 8.29882 8.30383 8.30884 8.31384 8.31885 8.32386 8.32887 8.33387 8.33888 8.34389 8.34889 8.3539 8.35891 8.36391 8.36892 8.37393 8.37894 8.38394 8.38895 8.39396 8.39896 8.40397 8.40898 8.41398 8.41899 8.424 8.42901 8.43401 8.43902 8.44403 8.44903 8.45404 8.45905 8.46405 8.46906 8.47407 -9999 -9999 -9999 -9999 -9999 -9999 -9999 -9999 -9999 -9999 -9999 -9999 -9999 -9999 -9999 -9999 -9999 -9999 -9999 -9999
8.21871 8.22372 8.22873 8.23373 8.23874 8.24375 8.24875 8.25376 8.25877 8.26377 8.26878 8.27379 8.2788 8.2838 8.28881 8.29382 8.29882 8.30383 8.30884 8.31384 8.31885 8.32386 8.32887 8.33387 8.33888 8.34389 8.34889 8.3539 8.35891 8.36391 8.36892 8.37393 8.37894 8.38394 8.38895 8.39396 8.39896 8.40397 8.40898 8.41398 8.41899 8.424 8.42901 8.43401 8.43902 8.44403 8.44903 8.45404 8.45905 8.46405 8.46906 8.47407 -9999 -9999 -9999 -9999 -9999 -9999 -9999 -9999 -9999 -9999 -9999 -9999 -9999 -9999 -9999 -9999 -9999 -9999 -9999 -9999
8.21871 8.22372 8.22873 8.23373 8.23874 8.24375 8.24875 8.25376 8.25877 8.26377 8.26878 8.27379 8.2788 8.2838 8.28881 8.29382 8.29882 8.30383 8.30884 8.31384 8.31885 8.32386 8.32887 8.33387 8.33888 8.34389 8.34889 8.3539 8.35891 8.36391 8.36892 8.37393 8.37894 8.38394 8.38895 8.39396 8.39896 8.40397 8.40898 8.41398 8.41899 8.424 8.42901 8.43401 8.43902 8.44403 8.44903 8.45404 8.45905 -9999 -9999 -9999 -9999 -9999 -9999 -9999 -9999 -9999 -9999 -9999 -9999 -9999 -9999 -9999 -9999 -9999 -9999 -9999 -9999 -9999 -9999 -9999
8.21871 8.22372 8.22873 8.23373 8.23874 8.24375 8.24875 8.25376 8.25877 8.26377 8.26878 8.27379 8.2788 8.2838 8.28881 8.29382 8.29882 8.30383 8.30884 8.31384 8.31885 8.32386 8.32887 8.33387 8.33888 8.34389 8.34889 8.3539 8.35891 8.36391 8.36892 8.37393 8.37894 8.38394 8.38895 8.39396 8.39896 8.40397 8.40898 8.41398 8.41899 8.424 8.42901 8.43401 8.43902 8.44403 8.44903 -9999 -9999 -9999 -9999 -9999 -9999 -9999 -9999 -9999 -9999 -9999 -9999 -9999 -9999 -9999 -9999 -9999 -9999 -9999 -9999 -9999 -9999 -9999 -9999 -9999
8.21871 8.22372 8.22873 8.23373 8.23874 8.24375 8.24875 8.25376 8.25877 8.26377 8.26878 8.27379 8.2788 8.2838 8.28881 8.29382 8.29882 8.30383 8.30884 8.31384 8.31885 8.32386 8.32887 8.33387 8.33888 8.34389 8.34889 8.3539 8.35891 8.36391 8.36892 8.37393 8.37894 8.38394 8.38895 8.39396 8.39896 8.40397 8.40898 8.41398 8.41899 8.424 8.42901 8.43401 8.43902 8.44403 -9999 -9999 -9999 -9999 -9999 -9999 -9999 -9999 -9999 -9999 -9999 -9999 -9999 -9999 -9999 -9999 -9999 -9999 -9999 -9999 -9999 -9999 -9999 -9999 -9999 -9999
8.21871 8.22372 8.22873 8.23373 8.23874 8.24375 8.24875 8.25376 8.25877 8.26377 8.26878 8.27379 8.2788 8.2838 8.28881 8.29382 8.29882 8.30383 8.30884 8.31384 8.31885 8.32386 8.32887 8.33387 8.33888 8.34389 8.34889 8.3539 8.35891 8.36391 8.36892 8.37393 8.37894 8.38394 8.38895 8.39396 8.39896 8.40397 8.40898 8.41398 8.41899 8.424 8.42901 8.43401 -9999 -9999 -9999 -9999 -9999 -9999 -9999 -9999 -9999 -9999 -9999 -9999 -9999 -9999 -9999 -9999 -9999 -9999 -9999 -9999 -9999 -9999 -9999 -9999 -9999 -9999 -9999 -9999
8.21871 8.22372 8.22873 8.23373 8.23874 8.24375 8.24875 8.25376 8.25877 8.26377 8.26878 8.27379 8.2788 8.2838 8.28881 8.29382 8.29882 8.30383 8.30884 8.31384 8.31885 8.32386 8.32887 8.33387 8.33888 8.34389 8.34889 8.3539 8.35891 8.36391 8.36892 8.37393 8.37894 8.38394 8.38895 8.39396 8.39896 8.40397 8.40898 8.41398 8.41899 8.424 8.42901 8.43401 -9999 -9999 -9999 -9999 -9999 -9999 -9999 -9999 -9999 -9999 -9999 -9999 -9999 -9999 -9999 -9999 -9999 -9999 -9999 -9999 -9999 -9999 -9999 -9999 -9999 -9999 -9999 -9999
8.21871 8.22372 8.22873 8.23373 8.23874 8.24375 8.24875 8.25376 8.25877 8.26377 8.26878 8.27379 8.2788 8.2838 8.28881 8.29382 8.29882 8.30383 8.30884 8.31384 8.31885 8.32386 8.32887 8.33387 8.33888 8.34389 8.34889 8.3539 8.35891 8.36391 8.36892 8.37393 8.37894 8.38394 8.38895 8.39396 8.39896 8.40397 8.40898 8.41398 8.41899 8.424 8.42901 -9999 -9999 -9999 -9999 -9999 -9999 -9999 -9999 -9999 -9999 -9999 -9999 -9999 -9999 -9999 -9999 -9999 -9999 -9999 -9999 -9999 -9999 -9999 -9999 -9999 -9999 -9999 -9999 -9999
8.21871 8.22372 8.22873 8.23373 8.23874 8.24375 8.24875 8.25376 8.25877 8.26377 8.26878 8.27379 8.2788 8.2838 8.28881 8.29382 8.29882 8.30383 8.30884 8.31384 8.31885 8.32386 8.32887 8.33387 8.33888 8.34389 8.34889 8.3539 8.35891 8.36391 8.36892 8.37393 8.37894 8.38394 8.38895 8.39396 8.39896 8.40397 8.40898 8.41398 8.41899 8.424 8.42901 -9999 -9999 -9999 -9999 -9999 -9999 -9999 -9999 -9999 -9999 -9999 -9999 -9999 -9999 -9999 -9999 -9999 -9999 -9999 -9999 -9999 -9999 -9999 -9999 -9999 -9999 -9999 -9999 -9999
