docker_testcase/datasets_hmc/static_data/gridded/liguria/liguria.beta.txt
ncols	         559
nrows	         167
xllcorner	   7.49520000000000     
yllcorner	   43.7565000000000     
cellsize    5.007000000000000E-003
NODATA_value  -9999
[rows 0 to 27 of 167, columns 0 to 62 of 559]
0.000000 0.000000 0.000000 0.000000 0.000000 0.000000 0.000000 0.000000 0.000000 0.000000 0.000000 0.000000 0.000000 0.000000 0.000000 0.000000 0.000000 0.000000 0.000000 0.000000 0.000000 0.000000 0.000000 0.000000 0.000000 0.000000 0.000000 0.000000 0.000000 0.000000 0.000000 0.000000 0.000000 0.000000 0.000000 0.000000 0.000000 0.000000 0.000000 0.000000 0.000000 0.000000 0.000000 0.000000 0.000000 0.000000 0.000000 0.000000 0.000000 0.000000 0.000000 0.000000 0.000000 0.000000 0.000000 0.000000 0.000000 0.000000 0.000000 0.000000 0.000000 0.000000 0.000000
0.000000 0.000000 0.000000 0.000000 0.000000 0.000000 0.000000 0.000000 0.000000 0.000000 0.000000 0.000000 0.000000 0.000000 0.000000 0.000000 0.000000 0.000000 0.000000 0.000000 0.000000 0.000000 0.000000 0.000000 0.000000 0.000000 0.000000 0.000000 0.000000 0.000000 0.000000 0.000000 0.000000 0.000000 0.000000 0.000000 0.000000 0.000000 0.000000 0.000000 0.000000 0.000000 0.000000 0.000000 0.000000 0.000000 0.000000 0.000000 0.000000 0.000000 0.000000 0.000000 0.000000 0.000000 0.000000 0.000000 0.000000 0.000000 0.000000 0.000000 0.000000 0.000000 0.000000
0.000000 0.000000 1.524431 1.524464 1.524465 1.524444 1.524395 1.524314 1.524335 1.524380 1.524375 1.524366 1.524354 1.524343 1.524329 1.524292 1.524229 1.524222 1.524183 1.524180 1.524153 1.524197 1.524250 1.524220 1.524200 0.000465 1.524119 1.524131 1.524069 1.524075 1.524084 1.524132 1.524146 1.524081 1.524090 1.524050 1.524071 1.524158 1.524120 1.524065 1.524107 1.524161 1.524154 1.524140 1.524147 1.524171 1.524120 1.524143 1.524214 1.524196 1.524191 1.524167 1.524063 1.523873 1.523782 0.000465 1.523628 1.523930 1.524244 1.524344 1.524332 1.524309 1.524271
0.000000 0.000000 1.524515 0.016941 0.036070 0.042743 0.009788 0.026440 0.033459 0.022787 0.010226 0.010519 0.026437 0.045217 0.012603 0.000438 0.019006 0.032860 0.026647 0.008884 0.045629 0.046280 0.021619 0.014755 0.042330 0.003306 0.034284 0.005698 0.017767 0.023136 0.023756 0.038550 0.038404 0.049546 0.032427 0.045011 0.005698 0.032427 0.036070 0.045629 0.007743 0.032014 0.010811 0.012396 0.010330 0.026647 0.000826 0.040268 0.034078 0.009058 0.020865 0.039442 0.033459 0.044530 0.064785 0.517350 0.093118 0.170574 0.111013 0.026027 0.013586 0.028481 0.058816
0.000000 0.000000 1.524533 0.031254 0.045629 0.008912 0.019419 0.027021 0.019574 0.008884 0.009642 0.021911 0.039236 0.007025 0.009710 0.037379 0.012189 0.000584 0.004339 0.054903 0.043218 0.021473 0.017384 0.020865 0.044392 0.002066 0.001309 0.043980 0.044805 0.005785 0.014901 0.025415 0.007013 0.014316 0.016069 0.034465 0.019419 0.033298 0.017354 0.029941 0.015288 0.025561 0.008473 0.006405 0.005578 0.023756 0.000826 0.051813 0.036348 0.000826 0.023962 0.031254 0.055023 0.088405 0.014938 0.074243 0.128295 0.142065 0.064194 0.044676 0.040474 0.020013 0.023371
0.000000 0.000000 1.524543 0.013842 0.015047 0.029743 0.041711 0.016114 0.007305 0.006136 0.019867 0.041176 0.026027 0.000584 0.004545 0.000826 0.008473 0.007851 0.032714 0.022310 0.004752 0.010743 0.013002 0.039442 0.023955 0.005520 0.049752 0.033444 0.031807 0.000826 0.035110 0.018260 0.006611 0.007025 0.013440 0.033046 0.007438 0.004967 0.000413 0.005785 0.000826 0.029124 0.008912 0.004339 0.019213 0.008766 0.016114 0.043567 0.023343 0.053857 0.087175 0.065503 0.045011 0.023349 0.026846 0.091684 0.122254 0.082358 0.040886 0.035110 0.002066 0.000826 0.000584
0.000000 0.000000 1.524497 0.008912 0.048309 0.037379 0.012418 0.011833 0.010226 0.028481 0.028773 0.036967 0.000438 0.005992 0.026234 0.043980 0.031546 0.000826 0.039442 0.030982 0.000826 0.019006 0.034027 0.053049 0.008390 0.029950 0.027021 0.023136 0.012809 0.012809 0.032014 0.006574 0.017530 0.021897 0.011983 0.030087 0.032014 0.024169 0.035729 0.008471 0.000826 0.038411 0.006405 0.007025 0.025408 0.000826 0.023079 0.037821 0.113754 0.123338 0.027885 0.007418 0.015370 0.040155 0.025202 0.076406 0.124762 0.034903 0.048722 0.016653 0.043361 0.014170 0.000826
0.000000 0.000000 1.524513 0.045629 0.033298 0.011833 0.012271 0.026437 0.028773 0.040680 0.010537 0.019282 0.045011 0.058610 0.034697 0.025269 0.039134 0.018386 0.022641 0.038617 0.000826 0.023962 0.050371 0.005076 0.026027 0.035487 0.011157 0.046042 0.000584 0.028505 0.027313 0.021473 0.016734 0.000826 0.000826 0.000826 0.000584 0.000206 0.014024 0.019136 0.008264 0.038617 0.007231 0.007851 0.025269 0.042330 0.039717 0.116493 0.079165 0.000826 0.004578 0.020039 0.058816 0.084099 0.036154 0.071161 0.095166 0.011570 0.010372 0.038823 0.039863 0.025408 0.005372
0.000000 0.000000 1.524585 0.015288 0.009496 0.009788 0.035778 0.033871 0.010537 0.011833 0.034697 0.060669 0.034284 0.005552 0.014255 0.022104 0.003926 0.004545 0.026440 0.045217 0.003306 0.027679 0.044599 0.006439 0.028043 0.026145 0.021278 0.031601 0.008058 0.039855 0.013440 0.036348 0.000584 0.009091 0.032633 0.033252 0.032633 0.000827 0.000584 0.009297 0.036348 0.031984 0.006818 0.005992 0.009058 0.041468 0.082648 0.074038 0.004205 0.001226 0.072188 0.075476 0.090660 0.055751 0.017969 0.105093 0.084534 0.000584 0.031395 0.035341 0.060119 0.022495 0.041613
0.000000 0.000000 1.524606 0.010080 0.029649 0.031807 0.038823 0.000584 0.030775 0.055109 0.031601 0.016941 0.028505 0.000413 0.012564 0.027751 0.041093 0.050164 0.031838 0.052637 0.002191 0.032568 0.016941 0.003987 0.037792 0.009917 0.052019 0.006720 0.038205 0.034903 0.007851 0.031807 0.010950 0.000584 0.038205 0.012189 0.027679 0.001446 0.025614 0.024788 0.014462 0.009934 0.020305 0.018386 0.013222 0.037529 0.076503 0.005258 0.034284 0.116821 0.095113 0.048103 0.005372 0.022248 0.099055 0.115484 0.025999 0.031807 0.035195 0.047485 0.039030 0.015701 0.027885
0.000000 0.000000 1.524626 0.035522 0.035729 0.000826 0.020743 0.051607 0.041322 0.009642 0.009350 0.018260 0.042949 0.000826 0.023955 0.025201 0.017147 0.008181 0.011103 0.047073 0.017973 0.009917 0.005779 0.035316 0.033735 0.007597 0.045423 0.011157 0.030775 0.013294 0.008471 0.032633 0.008884 0.038824 0.033298 0.032220 0.023955 0.026027 0.001653 0.006282 0.020658 0.032633 0.018799 0.000584 0.020597 0.040593 0.054903 0.007697 0.056334 0.073064 0.054491 0.001899 0.020865 0.090865 0.107549 0.048320 0.013016 0.018386 0.027679 0.020597 0.060258 0.004339 0.008790
0.000000 0.000000 1.524620 0.002273 0.013002 0.031395 0.044805 0.030817 0.011249 0.010372 0.028189 0.035110 0.049340 0.004959 0.024169 0.007231 0.006428 0.007451 0.015047 0.039717 0.040884 0.018406 0.004113 0.036654 0.012564 0.007013 0.043567 0.006198 0.035110 0.009204 0.009504 0.031109 0.043361 0.034465 0.039030 0.000421 0.000385 0.004529 0.012603 0.006428 0.000826 0.000207 0.004664 0.008912 0.021897 0.037173 0.018386 0.004550 0.101509 0.054285 0.007851 0.022517 0.046425 0.084534 0.050652 0.007597 0.005785 0.030156 0.041468 0.066958 0.028092 0.006632 0.035729
0.000000 0.000000 1.524537 0.028505 0.048309 0.033252 0.014255 0.010080 0.010080 0.028092 0.025201 0.004959 0.016321 0.000207 0.000584 0.000826 0.014875 0.007851 0.040738 0.032130 0.008471 0.004077 0.013429 0.015908 0.025821 0.031601 0.044186 0.003306 0.029743 0.014255 0.006282 0.012189 0.003926 0.022930 0.000385 0.016114 0.037586 0.030233 0.021071 0.000826 0.000438 0.000146 0.007889 0.020013 0.050215 0.042330 0.003560 0.082047 0.089609 0.049752 0.000584 0.030982 0.062011 0.059246 0.011979 0.038259 0.078584 0.102327 0.071983 0.022517 0.001950 0.027885 0.022933
0.000000 0.000000 1.524641 0.038988 0.018990 0.011103 0.011687 0.011541 0.009788 0.044599 0.008912 0.028505 0.035924 0.017560 0.017973 0.030363 0.018114 0.015288 0.053255 0.003337 0.002953 0.015908 0.019428 0.007438 0.007645 0.000826 0.005578 0.008058 0.004545 0.000413 0.006818 0.005844 0.012603 0.029065 0.040267 0.028711 0.023371 0.020452 0.001315 0.014901 0.000207 0.013878 0.019867 0.045259 0.048103 0.001110 0.025614 0.104780 0.035632 0.057787 0.000826 0.049752 0.067459 0.030379 0.042926 0.067831 0.050164 0.000482 0.000368 0.000363 0.025821 0.023517 0.026291
0.000000 0.000000 1.524712 0.022517 0.017354 0.012564 0.010811 0.011687 0.012856 0.036141 0.016321 0.015047 0.040267 0.000826 0.009788 0.015777 0.008473 0.024995 0.027472 0.020039 0.057375 0.027885 0.011157 0.005785 0.007013 0.016114 0.020452 0.034697 0.040061 0.039030 0.028918 0.030569 0.026647 0.026440 0.028918 0.016734 0.012396 0.000877 0.001860 0.000292 0.032014 0.016800 0.032276 0.052225 0.005089 0.033665 0.086999 0.079310 0.033590 0.050069 0.027266 0.043363 0.066020 0.038113 0.060993 0.040268 0.000488 0.009350 0.000385 0.029124 0.022349 0.027266 0.026234
0.000000 0.000000 1.524742 0.015495 0.013002 0.014024 0.012710 0.011541 0.012710 0.032568 0.022104 0.000207 0.040738 0.047897 0.026647 0.012564 0.011833 0.043980 0.010372 0.024995 0.031692 0.031601 0.042330 0.046042 0.040267 0.025614 0.015288 0.000000 0.000620 0.000584 0.008471 0.011363 0.003512 0.008264 0.000584 0.003512 0.045259 0.029124 0.020865 0.010124 0.025999 0.024831 0.039442 0.006503 0.025201 0.087724 0.074226 0.021911 0.013440 0.019419 0.000826 0.027472 0.067254 0.039134 0.046042 0.000334 0.000207 0.017822 0.005785 0.036141 0.026291 0.005372 0.000584
0.000000 0.000000 1.524748 0.003902 0.000584 0.009058 0.012710 0.011103 0.009788 0.021473 0.023136 0.004959 0.020245 0.011687 0.009642 0.009058 0.036654 0.024582 0.000826 0.035522 0.019867 0.009058 0.009350 0.011249 0.013002 0.016734 0.028505 0.042536 0.017676 0.000620 0.000584 0.019006 0.034284 0.037792 0.048310 0.049958 0.051235 0.042330 0.004383 0.025999 0.031838 0.030569 0.007644 0.007108 0.092299 0.074953 0.001653 0.032014 0.000826 0.012856 0.023549 0.020743 0.029330 0.033881 0.019626 0.000207 0.000315 0.000207 0.000826 0.026440 0.006818 0.000584 0.051607
0.000000 0.000000 1.524674 0.010743 0.012189 0.009642 0.011983 0.010950 0.007025 0.016114 0.027885 0.000826 0.020452 0.008264 0.017530 0.031692 0.039442 0.005552 0.046660 0.035924 0.007159 0.007159 0.009496 0.008766 0.009297 0.005372 0.016941 0.020452 0.000620 0.000584 0.023756 0.031546 0.018799 0.018180 0.016734 0.055314 0.043567 0.001315 0.033006 0.036216 0.032633 0.000797 0.002045 0.074860 0.072337 0.012710 0.003099 0.023136 0.013636 0.012396 0.022349 0.026234 0.020597 0.038617 0.000421 0.004529 0.000303 0.001899 0.027459 0.000584 0.012809 0.045629 0.066958
0.000000 0.000000 1.524771 0.034078 0.015339 0.013440 0.008766 0.013636 0.009297 0.029211 0.023809 0.000826 0.025408 0.017968 0.029941 0.029124 0.012125 0.045011 0.036362 0.007159 0.010226 0.010226 0.011687 0.013586 0.020039 0.000826 0.009350 0.018386 0.047073 0.011363 0.035632 0.021035 0.021619 0.035487 0.043567 0.049546 0.006136 0.025415 0.035195 0.026647 0.000295 0.000663 0.044599 0.076696 0.031692 0.013429 0.023225 0.028298 0.000146 0.014875 0.040267 0.000207 0.028505 0.021691 0.000371 0.000385 0.010537 0.031254 0.035522 0.000826 0.045217 0.043801 0.051235
0.000000 0.000000 1.524740 0.014255 0.012856 0.021327 0.032568 0.042124 0.043155 0.035316 0.002479 0.000826 0.034490 0.032633 0.024375 0.010372 0.051607 0.036800 0.007889 0.007438 0.009204 0.010537 0.011776 0.019282 0.038205 0.005165 0.022310 0.033871 0.038550 0.016527 0.000826 0.034490 0.036760 0.021691 0.005578 0.020159 0.040155 0.042051 0.035729 0.000310 0.000272 0.033252 0.071029 0.058663 0.006405 0.017147 0.021278 0.000584 0.002479 0.030363 0.032633 0.002191 0.044805 0.023343 0.000624 0.027266 0.037237 0.028505 0.014316 0.034903 0.059246 0.044530 0.034465
0.000000 0.000000 1.524716 0.000826 0.007231 0.021278 0.024788 0.010950 0.001033 0.005406 0.017147 0.004545 0.029743 0.000584 0.001653 0.050783 0.037529 0.015193 0.013222 0.010743 0.008471 0.007597 0.007438 0.008471 0.034319 0.037173 0.000584 0.033871 0.036070 0.030775 0.016734 0.034611 0.001653 0.017238 0.024831 0.039134 0.041760 0.024169 0.000430 0.012603 0.074655 0.085549 0.069576 0.020305 0.008035 0.032014 0.009350 0.026234 0.037998 0.019136 0.035487 0.023549 0.000826 0.000747 0.040268 0.040009 0.025123 0.026853 0.000826 0.057375 0.058081 0.042197 0.024169
0.000000 0.000000 1.524740 0.000584 0.012603 0.040301 0.047300 0.043980 0.045423 0.040680 0.045217 0.000826 0.000584 0.026440 0.042949 0.030671 0.013842 0.013440 0.012564 0.011541 0.009934 0.008035 0.005165 0.000292 0.013002 0.037237 0.027472 0.003945 0.037586 0.045629 0.019867 0.012396 0.014755 0.032714 0.033006 0.043947 0.027266 0.001300 0.040680 0.082938 0.084534 0.044822 0.012271 0.008473 0.023955 0.036967 0.000207 0.023343 0.013878 0.011687 0.028627 0.044186 0.001043 0.037998 0.038842 0.013148 0.036348 0.000584 0.026440 0.055605 0.040155 0.027459 0.036554
0.000000 0.000000 1.524805 0.014462 0.000584 0.018387 0.019136 0.021473 0.046866 0.022723 0.005552 0.017354 0.045629 0.037821 0.018260 0.005372 0.009350 0.011833 0.011833 0.009642 0.008912 0.014668 0.006199 0.000620 0.006818 0.021181 0.041299 0.004959 0.014462 0.057993 0.009710 0.004821 0.028043 0.047154 0.042051 0.035935 0.001423 0.076093 0.107404 0.094968 0.023549 0.007231 0.004821 0.029649 0.034284 0.007851 0.000826 0.033665 0.009788 0.024247 0.043774 0.019136 0.026027 0.043801 0.017092 0.011157 0.023517 0.019626 0.057353 0.062011 0.034903 0.027266 0.011157
0.000000 0.000000 1.524783 0.031255 0.031601 0.021181 0.014255 0.017530 0.033444 0.034319 0.009297 0.025415 0.027167 0.005698 0.002484 0.002273 0.005844 0.009788 0.010519 0.009934 0.009058 0.025821 0.000584 0.000207 0.012396 0.007597 0.029743 0.017767 0.028298 0.030156 0.000584 0.022933 0.030817 0.050164 0.016114 0.001407 0.043155 0.107404 0.063176 0.008471 0.011833 0.007013 0.033735 0.034284 0.000584 0.004959 0.039855 0.033298 0.044186 0.035110 0.012396 0.000438 0.037998 0.031546 0.008471 0.031807 0.000584 0.055933 0.067103 0.018180 0.001860 0.000584 0.013429
0.000000 0.000000 1.524776 0.008058 0.005113 0.015288 0.033590 0.028711 0.034697 0.008471 0.000826 0.041918 0.010957 0.002686 0.001023 0.001860 0.002479 0.007597 0.008619 0.009934 0.012856 0.035110 0.000385 0.000826 0.013429 0.029649 0.033252 0.011687 0.066637 0.001315 0.011363 0.025269 0.031400 0.044599 0.004978 0.057993 0.112600 0.088304 0.002479 0.019720 0.032276 0.039855 0.043155 0.001461 0.023343 0.030569 0.039855 0.038411 0.004752 0.000826 0.000438 0.038411 0.034465 0.011983 0.011157 0.010330 0.013842 0.084919 0.022930 0.000730 0.014462 0.029330 0.024247
0.000000 0.000000 1.524806 0.004545 0.013732 0.036362 0.050577 0.002066 0.015923 0.025123 0.017560 0.038113 0.009788 0.008471 0.007438 0.007438 0.005406 0.024247 0.026234 0.024582 0.018593 0.034173 0.030379 0.001447 0.002273 0.035778 0.018406 0.032568 0.030982 0.000826 0.037383 0.029124 0.009341 0.008842 0.072805 0.103648 0.073064 0.028505 0.032014 0.024788 0.019419 0.002686 0.004132 0.012603 0.007438 0.009504 0.004959 0.000584 0.006405 0.022517 0.026440 0.040884 0.014255 0.002776 0.023756 0.000584 0.036141 0.048516 0.026291 0.033459 0.048758 0.062933 0.074449
0.000000 0.000000 1.524805 0.019867 0.030525 0.036554 0.003512 0.009297 0.046042 0.011570 0.041918 0.034173 0.010372 0.007597 0.006405 0.005578 0.022723 0.022723 0.000826 0.000584 0.008058 0.020159 0.036216 0.023756 0.020451 0.020451 0.028481 0.022310 0.022933 0.039717 0.042743 0.006051 0.009341 0.085329 0.068703 0.040155 0.000826 0.000826 0.000826 0.000584 0.007231 0.046042 0.053873 0.055109 0.056963 0.059640 0.036760 0.026027 0.036967 0.005259 0.042124 0.017354 0.000584 0.008264 0.003798 0.010330 0.062316 0.054079 0.071161 0.073216 0.049340 0.014462 0.001753
0.000000 0.000000 1.524812 0.031807 0.021484 0.008473 0.033665 0.047897 0.029211 0.013016 0.003306 0.015701 0.008471 0.005990 0.004752 0.009710 0.020743 0.034903 0.014255 0.012396 0.000292 0.015082 0.030569 0.046571 0.022203 0.035341 0.037967 0.025201 0.027021 0.019832 0.002998 0.023549 0.082252 0.085404 0.038617 0.026647 0.026027 0.026440 0.035316 0.042949 0.041299 0.027605 0.016114 0.007644 0.031400 0.040061 0.005552 0.039442 0.006136 0.038823 0.021484 0.000584 0.015701 0.032220 0.001033 0.025853 0.042330 0.020658 0.010330 0.000826 0.007743 0.033881 0.068994
