docker_testcase/datasets_hmc/static_data/gridded/liguria/liguria.alpha.txt
ncols	         559
nrows	         167
xllcorner	   7.49520000000000     
yllcorner	   43.7565000000000     
cellsize    5.007000000000000E-003
NODATA_value  -9999
[rows 0 to 24 of 167, columns 399 to 455 of 559]
-9999.000000 -9999.000000 -9999.000000 -9999.000000 -9999.000000 -9999.000000 -9999.000000 -9999.000000 -9999.000000 -9999.000000 -9999.000000 -9999.000000 -9999.000000 -9999.000000 -9999.000000 -9999.000000 -9999.000000 -9999.000000 -9999.000000 -9999.000000 -9999.000000 -9999.000000 -9999.000000 -9999.000000 -9999.000000 -9999.000000 -9999.000000 -9999.000000 -9999.000000 -9999.000000 -9999.000000 -9999.000000 -9999.000000 -9999.000000 -9999.000000 -9999.000000 -9999.000000 -9999.000000 -9999.000000 -9999.000000 -9999.000000 -9999.000000 -9999.000000 -9999.000000 -9999.000000 -9999.000000 -9999.000000 -9999.000000 -9999.000000 -9999.000000 -9999.000000 -9999.000000 -9999.000000 -9999.000000 -9999.000000 -9999.000000 -9999.000000
-9999.000000 -9999.000000 -9999.000000 -9999.000000 -9999.000000 -9999.000000 -9999.000000 -9999.000000 -9999.000000 -9999.000000 -9999.000000 -9999.000000 -9999.000000 -9999.000000 -9999.000000 -9999.000000 -9999.000000 -9999.000000 -9999.000000 -9999.000000 -9999.000000 -9999.000000 -9999.000000 -9999.000000 -9999.000000 -9999.000000 -9999.000000 -9999.000000 -9999.000000 -9999.000000 -9999.000000 -9999.000000 -9999.000000 -9999.000000 -9999.000000 -9999.000000 -9999.000000 -9999.000000 -9999.000000 -9999.000000 -9999.000000 -9999.000000 -9999.000000 -9999.000000 -9999.000000 -9999.000000 -9999.000000 -9999.000000 -9999.000000 -9999.000000 -9999.000000 -9999.000000 -9999.000000 -9999.000000 -9999.000000 -9999.000000 -9999.000000
0.000465 0.000465 0.000465 0.000465 0.000465 0.000465 0.000465 0.000465 0.000465 0.000465 0.000465 0.000465 0.000465 0.000465 0.000465 0.000465 0.000465 0.000465 0.000465 0.000465 0.000465 0.000465 0.000465 0.000465 0.000465 0.000465 0.000465 0.000465 0.000465 0.000465 0.000465 0.000465 0.000465 0.000465 0.000465 0.000465 0.000465 0.000465 0.000465 0.000465 0.000465 0.000465 0.000465 0.000465 0.000465 0.000465 0.000465 0.000465 0.000465 0.000465 0.000465 0.000465 0.000465 0.000465 0.000465 0.000465 0.000465
0.268187 0.268595 0.884829 0.243301 0.217267 0.188041 0.256468 0.200350 0.165604 0.194590 0.206517 0.314979 0.278518 0.268595 0.263154 0.171992 0.147879 0.552227 0.189237 0.228107 0.240822 0.330195 0.351090 0.382027 0.362569 0.135903 0.146060 0.371732 0.442771 0.312362 0.237098 0.180347 0.092709 0.179253 0.141810 0.108661 0.088610 0.138772 0.169033 0.524239 0.124152 0.235994 0.225055 0.188536 0.259316 0.232400 0.241649 0.229216 0.207915 0.159628 0.124558 0.403915 0.433406 0.215013 0.121103 0.165888 0.221443
0.261655 0.250170 0.281952 0.232300 0.177235 0.135528 0.166456 0.221025 0.249252 0.216431 0.132890 0.116006 0.152928 0.153071 0.131875 0.045453 0.052013 0.181853 0.220886 0.199087 0.256058 0.272664 0.232538 0.167426 0.004584 0.000465 0.039011 0.180053 0.108530 0.214224 0.299776 0.180347 0.119673 0.130047 0.124762 0.156156 0.113967 0.137758 0.152727 0.048439 0.170237 0.186844 0.194450 0.262473 0.274831 0.215734 0.190227 0.178084 0.163004 0.131063 0.022465 0.089020 0.148216 0.081616 0.119549 0.104947 0.289560
0.196980 0.164009 0.276033 0.220528 0.187690 0.215013 0.212645 0.190831 0.074707 0.064204 0.035391 0.039580 0.058676 0.060604 0.048644 0.108253 0.242644 0.247311 0.237098 0.254097 0.217267 0.219217 0.140798 0.004926 0.029950 0.142418 0.198786 0.218756 0.259702 0.153219 0.119266 0.284619 0.119877 0.125169 0.125779 0.138974 0.143227 0.169836 0.075446 0.101100 0.216989 0.214619 0.245501 0.233230 0.245368 0.176051 0.159783 0.136542 0.085535 0.061287 0.040211 0.129157 0.227830 0.250222 0.259895 0.218242 0.134090
0.201564 0.203150 0.305236 0.263750 0.240271 0.231846 0.251815 0.214758 0.149092 0.247311 0.255065 0.297322 0.264328 0.208054 0.174448 0.138772 0.218242 0.235303 0.263943 0.320093 0.297819 0.119877 0.002432 0.208891 0.267021 0.256032 0.238356 0.252354 0.340351 0.307114 0.092094 0.253323 0.176102 0.146357 0.165618 0.167627 0.125982 0.112000 0.100078 0.243617 0.217824 0.151786 0.232495 0.192424 0.191827 0.128422 0.155496 0.149644 0.120959 0.081197 0.070471 0.164751 0.187126 0.193465 0.354780 0.304108 0.134919
0.198786 0.138366 0.182750 0.251541 0.214898 0.207309 0.188959 0.242199 0.196998 0.297511 0.218756 0.198806 0.196418 0.196558 0.230929 0.195806 0.170839 0.193817 0.133905 0.150910 0.058196 0.044110 0.128625 0.248661 0.231708 0.273737 0.285570 0.299022 0.355719 0.261052 0.262016 0.263835 0.188240 0.151516 0.127202 0.153784 0.191776 0.199977 0.315726 0.288611 0.321689 0.301096 0.261383 0.170638 0.167426 0.154946 0.133321 0.147644 0.160910 0.137194 0.093323 0.107138 0.185647 0.185248 0.276225 0.172560 0.116210
0.212805 0.278518 0.308803 0.191072 0.178509 0.200069 0.224777 0.260701 0.227830 0.203943 0.297322 0.303151 0.259702 0.188240 0.213829 0.215874 0.219356 0.207507 0.147879 0.200175 0.114986 0.046524 0.197395 0.216590 0.217181 0.217267 0.255065 0.296350 0.324037 0.289940 0.322990 0.198104 0.157769 0.158916 0.187126 0.181196 0.166823 0.221118 0.256225 0.236795 0.230462 0.290319 0.203745 0.194414 0.199183 0.177801 0.168871 0.154498 0.158916 0.185715 0.192026 0.120692 0.128829 0.108253 0.243617 0.149294 0.256032
0.181653 0.178367 0.231431 0.289940 0.230324 0.190368 0.128295 0.168832 0.168430 0.135330 0.158373 0.255237 0.166823 0.170432 0.260701 0.210710 0.176810 0.135122 0.228579 0.210275 0.157366 0.010120 0.209682 0.178853 0.188240 0.205676 0.247288 0.399769 0.361846 0.276989 0.308803 0.353663 0.294077 0.252226 0.159201 0.156209 0.160991 0.218166 0.282143 0.255374 0.280506 0.223280 0.195408 0.141810 0.137767 0.140490 0.141922 0.138974 0.216393 0.202357 0.242060 0.295622 0.314045 0.074038 0.131266 0.191229 0.142924
0.195574 0.187642 0.179053 0.124506 0.209453 0.229354 0.198786 0.171425 0.202453 0.211269 0.068986 0.168729 0.141206 0.219150 0.240960 0.227552 0.261631 0.198190 0.213632 0.190831 0.076914 0.016589 0.158373 0.128438 0.191213 0.245364 0.263943 0.274885 0.276989 0.269002 0.288178 0.437871 0.372286 0.231431 0.200175 0.123134 0.137481 0.188395 0.219544 0.302226 0.271245 0.129641 0.140919 0.135617 0.105382 0.140798 0.179253 0.171040 0.152323 0.176810 0.221118 0.220134 0.159486 0.103963 0.089464 0.112335 0.209880
0.126389 0.193419 0.192424 0.151314 0.113565 0.087224 0.102173 0.105516 0.169722 0.165819 0.045128 0.157164 0.229216 0.255645 0.318338 0.235621 0.024169 0.029537 0.015336 0.009751 0.015005 0.084714 0.099873 0.205329 0.226814 0.233230 0.300719 0.313297 0.299688 0.322986 0.369594 0.336859 0.413364 0.341819 0.179640 0.160790 0.155955 0.147273 0.069105 0.084840 0.102532 0.048413 0.076298 0.146869 0.099260 0.136190 0.191030 0.153534 0.153356 0.177093 0.199183 0.215874 0.234255 0.245562 0.228523 0.187690 0.213224
0.133093 0.235165 0.221304 0.202453 0.199508 0.183033 0.179853 0.130656 0.098854 0.047066 0.024919 0.015676 0.203943 0.102327 0.010675 0.005546 0.017337 0.016562 0.133905 0.050783 0.116413 0.196277 0.206236 0.226422 0.204415 0.194309 0.174448 0.167910 0.243851 0.360943 0.322246 0.307271 0.298644 0.211658 0.252161 0.185847 0.155496 0.097140 0.177052 0.144239 0.069104 0.042433 0.145049 0.130047 0.123406 0.188818 0.175450 0.104984 0.129875 0.160790 0.108049 0.166598 0.221314 0.146464 0.216292 0.208100 0.161796
0.127576 0.323512 0.356104 0.361867 0.320386 0.304296 0.313858 0.263173 0.234646 0.196558 0.149698 0.015565 0.010078 0.001192 0.002542 0.108863 0.046042 0.150708 0.213829 0.119673 0.159985 0.199183 0.100896 0.036144 0.166422 0.193324 0.138164 0.149317 0.218166 0.232104 0.221304 0.251267 0.151155 0.210850 0.159985 0.178053 0.247893 0.195209 0.220330 0.128726 0.031610 0.114171 0.152323 0.176244 0.255065 0.219741 0.038663 0.051504 0.141608 0.066637 0.068076 0.190227 0.147475 0.162902 0.215604 0.203154 0.237381
0.173127 0.242254 0.168230 0.196203 0.069370 0.061938 0.042911 0.035688 0.059022 0.023489 0.028322 0.014163 0.011607 0.191229 0.155753 0.146500 0.142215 0.146786 0.167735 0.144927 0.264135 0.178453 0.069105 0.054903 0.035318 0.166823 0.149698 0.117189 0.182053 0.112335 0.191429 0.193021 0.133439 0.159201 0.189436 0.218103 0.215998 0.098646 0.162199 0.075679 0.032400 0.113177 0.150644 0.179357 0.130453 0.088014 0.046280 0.100178 0.076841 0.046866 0.183456 0.199778 0.098297 0.200771 0.148284 0.139057 0.185997
0.219150 0.245951 0.204339 0.106006 0.131742 0.104804 0.134513 0.023616 0.028302 0.119673 0.305800 0.232691 0.143835 0.121103 0.187842 0.114579 0.255374 0.307114 0.336491 0.192058 0.174544 0.164751 0.176102 0.091492 0.082868 0.035804 0.087585 0.080633 0.053461 0.137758 0.120895 0.128625 0.070703 0.117214 0.208693 0.178653 0.042124 0.096561 0.119062 0.067459 0.023934 0.098876 0.156494 0.110907 0.024831 0.087790 0.047691 0.041569 0.107260 0.126426 0.175049 0.066121 0.129013 0.187126 0.244951 0.223084 0.226859
0.245173 0.280371 0.261631 0.259336 0.247288 0.255921 0.213434 0.008892 0.031655 0.200350 0.262746 0.294344 0.250028 0.214815 0.110725 0.249058 0.214619 0.160589 0.278327 0.345117 0.161195 0.148486 0.098850 0.056479 0.091637 0.024761 0.011596 0.043946 0.040287 0.038308 0.089029 0.063156 0.149092 0.181853 0.121709 0.036070 0.041141 0.029281 0.058518 0.117432 0.021282 0.100691 0.083073 0.017654 0.035159 0.038663 0.027830 0.028253 0.033252 0.145049 0.203943 0.059264 0.176852 0.190790 0.234889 0.204135 0.255101
0.254280 0.275778 0.214619 0.226581 0.221443 0.200771 0.013290 0.009732 0.143782 0.224083 0.216849 0.305279 0.343652 0.289655 0.217546 0.275651 0.202357 0.037041 0.048708 0.009297 0.236600 0.190632 0.062739 0.094552 0.056757 0.011981 0.019500 0.016381 0.036185 0.014420 0.033665 0.036260 0.033665 0.039752 0.025048 0.101714 0.037276 0.031398 0.026076 0.133093 0.016623 0.016623 0.015746 0.069722 0.026983 0.039958 0.050577 0.080616 0.075389 0.081842 0.217772 0.159179 0.051571 0.143430 0.203575 0.189804 0.184445
0.267982 0.219150 0.107935 0.105078 0.081456 0.059011 0.111519 0.100487 0.132316 0.187642 0.211855 0.205329 0.330957 0.241281 0.149092 0.083073 0.204555 0.176810 0.129234 0.028907 0.030278 0.026006 0.067540 0.087869 0.101509 0.108661 0.009782 0.008277 0.011879 0.014049 0.025821 0.105237 0.035663 0.015378 0.050474 0.080907 0.043774 0.051672 0.039433 0.129031 0.084679 0.014760 0.027286 0.103349 0.026378 0.141608 0.113322 0.109570 0.128295 0.131598 0.177853 0.162601 0.073216 0.039337 0.119519 0.276995 0.221708
0.286566 0.317326 0.267236 0.246326 0.081456 0.321131 0.242254 0.144239 0.205956 0.197963 0.189663 0.199580 0.169635 0.265196 0.281989 0.235856 0.199508 0.163329 0.218103 0.254553 0.219544 0.105393 0.039654 0.033568 0.018902 0.109478 0.029468 0.026862 0.017973 0.011670 0.006931 0.011900 0.009013 0.012918 0.168230 0.183052 0.122727 0.115917 0.111735 0.143632 0.027044 0.011397 0.093323 0.018620 0.031119 0.099669 0.093118 0.109478 0.137050 0.171851 0.158774 0.117358 0.124965 0.024398 0.018428 0.159783 0.010303
0.330587 0.299421 0.229908 0.223249 0.271820 0.288715 0.271851 0.238356 0.278751 0.309178 0.350777 0.313894 0.291264 0.287851 0.192621 0.174402 0.184021 0.164814 0.128295 0.195434 0.200911 0.188254 0.151215 0.171039 0.017740 0.007006 0.002686 0.007949 0.011511 0.016114 0.006931 0.005949 0.006936 0.007049 0.004782 0.002273 0.003388 0.017018 0.176852 0.208891 0.012708 0.011310 0.010262 0.020498 0.134919 0.143353 0.152643 0.141635 0.156637 0.168303 0.173977 0.150930 0.141203 0.019543 0.007028 0.000699 0.009820
0.254291 0.173847 0.223249 0.258930 0.227795 0.146214 0.183251 0.279426 0.331893 0.444796 0.272587 0.310454 0.221314 0.168587 0.247150 0.269326 0.227206 0.144239 0.175851 0.179357 0.180065 0.251967 0.244784 0.011374 0.009611 0.144441 0.029399 0.010999 0.021715 0.010157 0.012644 0.018923 0.033115 0.019843 0.021995 0.012355 0.001302 0.000861 0.000321 0.000254 0.000176 0.007676 0.006598 0.109715 0.175961 0.150787 0.168729 0.238340 0.251129 0.254097 0.150304 0.017188 0.007731 0.003398 0.000531 0.004447 0.006124
0.257964 0.290594 0.224222 0.144212 0.144644 0.185248 0.167877 0.242612 0.243851 0.077736 0.150261 0.348898 0.350059 0.238746 0.185647 0.064374 0.231016 0.402745 0.388673 0.241670 0.136947 0.045200 0.018803 0.014070 0.186445 0.168871 0.071161 0.181853 0.171641 0.136136 0.102532 0.093938 0.133702 0.108865 0.137353 0.133034 0.119266 0.007916 0.006019 0.003626 0.000421 0.002720 0.002739 0.001860 0.114783 0.204537 0.256998 0.197120 0.113151 0.012349 0.013634 0.008986 0.015205 0.108457 0.172845 0.136620 0.017950
0.294487 0.374077 0.256998 0.230538 0.082252 0.107640 0.306175 0.168672 0.144490 0.077941 0.002066 0.236209 0.266828 0.237098 0.317722 0.317195 0.295012 0.010374 0.014184 0.043487 0.050613 0.179253 0.199778 0.236014 0.180065 0.032427 0.235818 0.188240 0.129300 0.172845 0.177452 0.147475 0.156963 0.151920 0.129588 0.042536 0.020403 0.013273 0.012325 0.103758 0.019422 0.014977 0.006198 0.000274 0.000254 0.001498 0.008002 0.020451 0.011949 0.015275 0.049340 0.184649 0.177653 0.183052 0.176652 0.178509 0.119877
0.270286 0.293407 0.207495 0.217267 0.166598 0.207902 0.257192 0.239721 0.167225 0.087637 0.052080 0.113355 0.192623 0.196601 0.407668 0.315539 0.145249 0.008002 0.158776 0.432775 0.398716 0.415441 0.335202 0.203348 0.048103 0.155955 0.216571 0.182750 0.165015 0.163329 0.128218 0.067665 0.036192 0.033786 0.027759 0.014533 0.130656 0.153938 0.078557 0.098442 0.177252 0.156761 0.106538 0.005381 0.000290 0.002582 0.003805 0.005409 0.036271 0.158776 0.193419 0.112947 0.130453 0.165015 0.117214 0.158916 0.140919
