docker_testcase/datasets_hmc/static_data/gridded/liguria/liguria.area.txt
ncols        559
nrows        167
xllcorner    7.500300
yllcorner    43.756500
cellsize     0.005000
NODATA_value 0.000000
[rows 0 to 78 of 167, columns 384 to 479 of 559]
1 1 1 1 1 1 1 1 1 1 1 1 1 1 1 1 1 1 1 1 1 1 1 1 1 1 1 1 1 1 1 1 1 1 1 1 1 1 1 1 1 1 1 1 1 1 1 1 1 1 1 1 1 1 1 1 1 1 1 1 1 1 1 1 1 1 1 1 1 1 1 1 1 1 1 1 1 1 1 1 1 1 1 1 1 1 1 1 1 1 1 1 1 1 1 1
2 2 2 2 2 2 2 2 2 2 3 4 5 11 12 2 2 16 3 2 3 2 2 2 2 2 2 2 2 2 2 2 2 65 3 2 2 2 2 2 2 2 2 317 4 3 2 2 2 2 2 2 2 2 2 71 4 5 2 3 2 2 2 2 2 2 2 107 3 3 3 3 3 3 2 3 2 2 2 2 2 2 2 2 2 2 2 2 2 2 2 2 2 68 8 5
1 1 1 1 1 1 1 1 1 1 2 3 4 10 11 1 1 15 2 1 2 1 1 1 1 1 1 1 1 1 1 1 1 64 2 1 1 1 1 1 1 1 1 316 3 2 1 1 1 1 1 1 1 1 1 70 3 4 1 2 1 1 1 1 1 1 1 106 2 2 2 2 2 2 1 2 1 1 1 1 1 1 1 1 1 1 1 1 1 1 1 1 1 67 7 4
33 28 11 10 9 8 7 2 1 1 2 3 5 4 9 1 1 8 5 1 1 1 1 1 1 1 1 1 1 1 1 1 60 2 1 1 1 1 1 1 1 1 296 19 1 2 1 1 2 3 4 5 6 7 63 3 3 2 3 1 1 1 1 1 1 1 72 33 1 1 1 1 1 1 1 1 1 2 9 10 13 15 18 27 28 30 34 43 1 1 1 2 66 3 3 3
3 1 16 12 3 2 1 4 3 1 1 2 4 3 7 1 4 3 3 1 2 3 2 2 2 3 2 2 1 2 51 54 3 1 1 1 1 2 2 277 281 288 6 17 2 1 1 1 2 3 4 5 6 7 55 2 2 2 1 1 1 1 2 2 4 66 3 1 31 29 24 1 1 1 1 1 1 4 2 2 1 2 6 2 1 3 8 3 50 54 57 60 3 2 2 2
2 2 1 2 8 5 3 2 1 1 1 1 2 2 3 3 3 2 2 1 2 4 9 16 18 22 29 32 35 43 4 1 1 1 1 2 2 2 270 2 3 5 5 2 12 8 1 1 3 5 6 7 8 33 6 6 1 1 1 1 2 4 9 17 21 58 2 2 1 2 2 22 9 7 4 1 1 1 1 1 1 1 4 1 2 2 5 2 2 2 2 2 2 1 1 1
1 1 1 1 1 1 1 1 1 1 1 1 1 1 2 2 2 1 1 1 1 1 1 1 1 1 1 2 2 4 2 1 1 1 1 1 3 262 3 1 2 4 4 1 3 6 1 1 1 1 2 14 21 3 3 2 5 2 1 1 2 3 5 3 5 30 1 1 1 1 1 4 7 1 1 1 1 2 1 1 1 2 1 1 1 2 2 1 1 1 1 1 1 1 1 1
2 1 1 1 1 1 1 2 3 1 2 4 2 1 1 1 1 1 1 1 1 1 1 1 1 1 1 1 1 2 1 1 2 5 6 8 254 1 1 2 1 3 2 1 2 3 1 2 3 8 11 4 2 2 2 1 1 1 1 1 2 4 2 4 3 6 20 3 2 1 1 2 2 3 1 1 1 1 5 7 1 1 1 1 1 1 1 1 1 1 1 1 1 1 3 2
1 2 1 2 2 2 2 3 16 11 8 3 2 1 1 1 1 1 2 2 3 1 2 3 2 2 1 1 1 1 1 1 1 2 3 4 244 3 2 1 1 1 1 1 1 2 1 2 4 2 2 1 1 1 1 1 1 1 2 1 1 1 3 2 2 3 3 13 11 2 1 1 1 1 1 3 1 1 1 3 12 16 18 2 1 1 1 2 3 2 2 1 2 2 5 1
3 2 1 3 38 35 31 24 6 4 3 2 1 1 1 3 6 2 1 3 3 4 2 5 11 4 1 2 2 1 1 2 2 1 1 2 236 3 2 1 1 1 1 1 1 1 1 1 1 1 1 1 1 1 1 1 3 2 3 2 1 1 1 1 1 2 2 1 8 2 1 1 1 1 1 6 3 1 1 1 1 1 2 24 2 1 2 2 3 8 1 1 2 3 3 7
58 51 50 47 3 1 1 1 1 1 1 1 2 1 1 1 1 8 12 1 4 4 5 1 1 17 1 5 1 1 2 2 5 2 1 1 230 1 1 2 2 1 2 2 2 1 1 1 1 1 2 5 2 2 1 2 5 3 6 2 1 1 1 1 1 1 1 1 1 3 2 1 1 2 4 11 1 1 1 1 1 1 1 1 29 1 1 3 3 12 2 1 1960 1969 1976 1979
1 1 1 1 1 1 1 1 1 2 2 3 2 1 2 1 2 4 6 20 23 33 34 6 2 22 6 1 2 1 2 5 6 219 224 226 1 2 3 3 1 2 3 5 2 1 2 2 1 2 1 2 8 13 15 3 20 11 4 1 2 2 2 3 1 1 1 1 1 1 1 2 2 1 1 17 2 1 1 2 3 2 1 1 2 33 2 1 4 16 3 1955 3 2 3 2
2 1 1 1 1 2 1 2 2 6 1 4 4 3 1 2 1 1 1 1 1 1 2 37 44 45 75 1 3 2 197 206 208 2 3 1 1 3 4 5 1 3 9 3 1 2 3 3 2 1 3 1 1 1 2 44 23 2 1 1 1 5 6 2 1 3 1 2 3 1 1 3 8 2 1 24 3 1 1 2 8 3 2 1 1 1 36 1 3 1913 1950 1 2 1 2 1
164 160 156 2 1 3 2 3 9 1 1 15 6 2 1 3 1 1 1 1 1 1 1 1 1 1 168 180 185 191 1 3 1 1 2 2 3 5 18 2 1 4 13 1 2 3 1 7 3 2 4 1 2 2 1 47 2 1 1 1 2 16 9 1 2 5 1 3 6 1 1 1 2 13 2 27 2 1 1 3 1 9 6 2 1 2 2 1899 1904 1 11 9 1 1 1 1
3 2 2 149 142 139 133 13 2 1 19 17 1 2 4 1 1 3 5 8 15 18 20 2 88 91 2 8 1 2 3 1 1 1 1 1 2 3 4 26 1 5 14 2 6 1 1 12 1 3 5 2 3 1 4 49 1 1 1 3 3 17 1 5 3 6 1 14 3 2 1 1 1 1 44 1 1 1 1 1 4 2 10 19 21 1780 1858 2 2 2 2 8 7 2 1 1
2 1 1 6 1 2 12 105 49 47 26 1 3 8 3 1 1 2 3 5 1 1 2 83 2 1 1 5 2 1 2 1 1 1 1 1 1 1 1 1 29 6 15 3 7 2 2 14 1 4 1 8 4 1 2 57 2 1 1 26 18 2 6 1 1 1 23 1 1 2 1 1 2 2 49 3 1 2 1 2 2 5 3 1 1753 3 77 1 1 1 1 2 5 4 1 1
2 1 3 2 1 11 1 51 1 1 1 23 18 3 2 1 1 1 1 1 1 1 56 2 2 1 1 3 1 1 1 2 3 2 1 2 2 4 6 2 30 7 16 4 8 3 17 2 1 5 15 13 1 1 1 61 1 1 30 1 19 18 7 3 1 1 26 2 3 1 2 1 2 3 53 1 1 1 4 1 3 1734 1740 1745 6 1 1 76 1 1 1 1 2 2 2 1
17 1 2 1 2 8 1 2 47 2 1 1 3 3 1 1 1 3 1 1 2 39 53 1 1 1 1 1 1 1 1 2 19 25 2 1 3 1 1 8 11 65 1 1 17 1 18 3 2 23 1 2 3 1 1 63 65 33 1 24 4 2 2 2 1 1 2 34 2 1 1 3 2 60 1 1 2 1 2 5 1715 8 5 1 4 1 1 2 71 56 1 1 1 1 1 1
14 2 1 1 2 5 1 3 15 26 11 6 3 2 1 1 4 8 14 30 33 2 6 7 5 2 1 1 2 6 9 11 3 4 33 38 42 1 2 1 1 2 69 70 19 1 1 22 27 1 1 6 2 1 1 2 100 1 1 26 1 1 1 1 1 1 2 3 41 1 1 2 66 1 1 1 4 1659 1664 1673 35 7 7 4 2 1 1 7 6 53 47 3 1 3 2 1
5 8 1 1 3 1 2 10 4 4 10 4 2 2 1 1 2 2 2 12 1 1 4 1 1 2 1 1 2 1 1 2 3 1 2 1 2 46 49 53 1 1 1 1 590 592 1 24 28 1 1 9 1 1 1 2 105 1 35 7 5 3 1 1 1 2 1 1 44 1 1 4 67 2 2 1648 1650 3 4 6 7 20 6 6 3 1 2 4 5 5 4 38 32 2 1 1
2 2 5 1 2 1 5 4 3 3 5 4 3 1 1 1 1 1 7 3 1 1 1 1 1 1 1 1 1 1 1 1 1 1 1 1 1 1 1 485 488 493 498 499 1 605 610 637 668 672 674 11 2 1 1 1 1 144 37 1 1 1 1 1 2 2 3 2 1 1404 1406 1411 1625 1627 1640 4 1 2 3 5 6 14 5 5 5 2 1 3 4 4 3 5 2 24 13 3
1 1 2 1 1 1 3 3 2 2 2 2 3 2 1 1 2 4 2 2 1 1 1 1 2 3 1 1 4 1 2 1 1 2 3 2 1 1 423 430 1 3 3 2 8 3 3 2 2 2 1 689 692 784 786 791 1 145 1 1 1 1 1 1 2 3 3 1350 1354 1357 1 144 2 1 3 7 3 1 2 4 5 3 10 4 4 4 1 2 3 3 2 4 1 10 3 5
1 1 1 1 1 1 1 2 1 1 1 1 1 1 1 1 1 1 1 1 2 5 1 2 4 5 1 1 1 6 10 12 1 1 1 5 404 408 421 1 5 2 2 1 5 2 2 1 1 1 1 1 1 89 2 3 798 945 2 2 2 1 1 2 1318 1329 1333 8 3 2 1 140 1 1 2 1 5 2 1 3 4 2 3 6 3 3 3 1 2 2 1 3 6 3 2 2
3 2 1 1 2 1 1 1 1 1 1 1 1 1 2 2 1 1 2 4 6 7 13 15 7 7 2 1 1 1 1 1 14 387 389 393 2 3 4 8 4 1 1 3 1 1 1 1 1 1 1 78 80 8 1 2 2 1 950 953 3 2 1 1312 5 2 3 7 2 1 2 3 134 2 1 1 2 2 1 2 3 1 2 2 3 2 2 2 1 1 2 3 2 2 1 1
4 3 2 2 4 1 2 2 1 1 2 3 3 1 3 4 1 1 1 1 1 3 5 6 29 8 7 3 1 1 2 2 369 2 1 3 1 2 3 7 2 1 1 1 1 1 1 60 66 69 75 1 1 6 1 1 1 1 1 1254 1259 1291 1304 5 4 1 2 6 1 1 2 3 4 124 1 1 1 1 1 1 1 1 1 1 1 1 1 1 1 1 1 1 1 1 1 1
5 4 5 5 2 1 3 3 2 1 2 6 4 1 5 9 3 1 1 1 1 1 1 2 3 33 50 1 1 1 4 350 15 1 1 2 1 2 3 3 1 1 1 1 1 55 57 2 2 2 3 1 1 3 1 1 1 1 296 3 1 29 5 7 4 3 1 2 3 1 2 3 1 121 7 5 3 2 1 1 1 1 1 1 1 1 1 1 1 1 1 1 1 1 2 2
16 1 11 3 1 2 7 3 1 1 2 9 5 1 16 2 1 1 2 2 1 1 1 1 2 20 71 1 1 334 343 2 11 2 1 1 1 2 1 1 1 1 2 46 49 2 1 1 1 1 1 1 1 1 1 1 264 293 1 2 4 23 1 4 6 3 2 1 2 1 2 1 87 113 24 3 2 1 1 2 2 2 2 2 3 2 2 1 2 2 1 3 5 3 3 3
21 2 15 21 20 17 5 1 1 2 2 12 6 1 22 2 1 1 2 5 2 1 2 13 15 2 1 73 327 331 6 1 1 10 2 1 1 1 2 3 4 6 40 1 2 1 1 1 1 1 1 1 1 1 1 261 1 24 2 1 3 18 4 1 2 5 2 1 1 1 1 2 85 1 4 16 8 7 4 3 2 5 5 3 6 3 2 1 3 3 1 1 2 8 7 4
22 18 24 2 1 1 2 1 1 2 3 3 48 26 24 1 1 1 2 8 1 4 6 9 1 1 1 1 252 2 1 5 2 1 6 2 1 1 2 3 4 28 3 1 1 1 1 3 2 4 2 1 71 74 249 258 2 1 22 1 2 15 2 3 1 2 2 1 1 2 3 78 3 1 3 2 5 2 1 1 1 3 10 25 4 3 2 4 1 5 1 1 1 1 20 1
2 70 5 4 3 2 1 1 2 4 7 4 49 1 1 2 2 1 1 11 1 1 1 1 1 1 1 247 2 1 1 1 1 1 1 2 1 2 3 8 11 23 1 1 1 2 42 44 52 57 66 68 1 2 171 3 3 1 2 19 1 2 12 1 2 1 1 2 3 4 66 72 2 2 2 1 1 1 1 1 1 1 1 32 4 1 3 14 8 2 1 1 2 2 22 6
84 11 6 4 2 1 1 1 1 1 2 10 65 5 3 3 2 1 1 13 2 2 1 1 1 2 4 244 1 1 1 1 1 2 1 1 1 2 4 2 6 4 1 1 26 28 9 1 4 4 2 1 1 1 168 2 2 2 1 16 2 1 2 9 1 1 1 1 2 3 61 3 2 1 1 1 1 1 1 2 1 1 1 1 38 2 20 2 1 1 2 1 4 1 3 30
2 2 2 1 1 1 2 2 1 2 1 1 1 126 4 1 3 2 2 14 3 4 1 1 3 1 216 1 21 19 16 10 6 2 1 1 1 1 1 1 4 3 1 2 24 1 4 4 3 3 1 1 2 3 166 1 1 1 1 12 3 1 1 2 5 1 1 2 3 46 9 2 2 1 1 1 1 3 2 1 4 2 1 1 1 63 2 1 1 1 4 2 1 6 1 38
1 1 1 1 1 1 5 3 2 1 3 5 54 2 134 136 142 145 3 15 1 192 194 1 5 210 3 1 1 2 3 1 1 1 1 3 1 1 2 3 2 2 4 12 8 1 3 3 2 2 1 2 3 113 4 44 42 2 1 4 7 2 1 1 2 1 1 1 2 42 6 2 1 1 1 2 2 5 3 2 5 3 2 1 69 3 2 1 1 2 2 7 1 2 48 2
4 3 2 1 1 5 12 24 31 32 43 46 1 1 1 1 1 1 162 179 181 183 2 199 201 2 1 2 1 1 1 1 1 1 1 6 1 1 1 1 1 1 4 3 6 1 2 2 1 1 1 2 3 94 15 3 1 39 37 1 3 6 3 1 1 1 1 28 35 4 3 2 1 2 3 5 48 51 62 69 91 102 105 108 71 1 1 1 1 3 6 10 1 4 50 1
5 3 2 1 2 1 4 4 4 3 6 1 1 1 1 1 1 11 1 1 1 1 1 1 1 1 1 1 1 1 1 1 1 3 1 9 2 1 1 2 1 1 2 2 3 2 1 1 1 2 3 4 85 1 4 14 2 1 35 2 1 2 2 1 1 22 25 1 5 3 2 1 1 1 2 38 2 1 4 1 21 2 1 1 183 2 2 1 1 1 1 7 11 59 2 1
1 1 1 1 1 1 2 3 3 2 3 2 1 2 4 7 8 1 1 1 1 1 1 1 1 1 2 2 4 1 3 1 1 5 1 11 4 1 2 3 2 1 1 1 1 1 1 1 1 2 3 4 78 2 1 2 13 1 2 30 2 1 1 1 16 4 1 1 3 2 1 1 1 1 34 1 1 2 1 16 4 1 1 2 186 3 3 1 1 2 2 2 79 1 1 1
1 1 2 7 5 4 1 2 2 1 2 1 1 1 1 1 1 1 2 2 2 1 3 5 2 1 4 7 1 1 4 2 1 8 1 13 6 1 14 11 4 2 1 1 1 1 1 1 3 5 7 9 73 1 1 1 10 2 1 2 25 3 1 1 15 2 1 1 1 1 1 2 22 29 2 1 1 1 15 2 1 1 1 1 2 195 1 1 1 4 7 92 1 1 1 2
25 20 12 4 2 2 1 1 1 1 1 1 2 5 7 1 3 20 25 29 3 2 1 1 8 9 13 2 2 1 5 3 1 9 1 40 25 17 2 1 1 1 1 2 2 3 1 1 1 1 1 6 62 3 2 1 2 7 1 1 19 2 1 1 11 1 1 1 5 8 15 18 3 2 1 1 9 11 2 1 1 2 4 6 8 205 2 1 1 1 2 95 1 1 243 239
1 3 4 1 1 1 1 1 1 1 2 4 1 1 2 12 15 2 1 3 33 40 43 2 1 1 24 29 2 1 1 9 2 1 11 45 4 3 2 1 1 2 1 4 6 2 3 1 1 3 5 3 49 3 2 1 1 5 1 1 16 1 1 1 8 1 1 3 2 1 5 2 2 1 1 4 7 1 1 1 1 1 1 1 1 2 211 1 1 1 2 99 1 247 1 1
1 1 1 2 1 1 1 2 2 1 1 2 8 1 1 1 1 1 1 1 1 1 1 47 2 1 1 30 4 1 2 1 12 1 59 1 1 1 1 1 2 3 1 21 9 6 2 1 1 1 2 3 25 17 14 3 2 1 3 1 4 10 1 1 1 5 1 1 1 2 2 1 1 1 2 1 1 1 1 2 4 7 10 12 1 1 214 2 1 1 1 101 351 1 1 1
1 1 1 1 1 1 3 3 4 1 1 2 11 13 1 1 1 1 1 1 1 1 1 1 144 148 151 152 188 1 3 2 13 1 1 66 4 2 1 1 4 4 2 22 1 1 1 2 1 1 2 3 20 1 2 10 1 1 2 2 1 8 2 1 1 2 1 1 1 1 1 1 1 1 1 1 1 1 2 1 1 1 1 2 13 2 1 218 2 2 1 1 353 1 1 3
10 7 4 2 1 1 5 4 6 1 1 1 2 4 20 23 1 1 2 2 2 3 84 92 1 2 1 3 6 199 204 207 223 1 1 70 2 1 1 3 5 41 34 11 9 7 5 2 1 1 2 4 13 2 1 8 2 1 1 1 1 1 3 1 1 1 4 1 1 1 1 3 2 1 2 3 2 1 2 4 1 1 1 1 4 18 25 246 251 255 2 1 361 6 4 1
1 1 1 1 1 2 2 10 10 2 1 1 1 1 2 27 1 1 2 66 70 75 4 5 2 1 1 1 2 3 1 1 2 228 72 3 2 1 1 67 61 13 12 11 10 8 6 4 1 1 1 2 10 2 1 3 2 1 1 1 1 1 1 1 1 1 1 6 2 1 2 4 10 13 15 21 3 2 1 43 46 48 1 2 3 4 2 2 1 1 263 264 364 1 1 2
1 1 2 1 1 2 3 23 1 2 2 1 1 1 1 2 40 54 57 2 3 2 3 3 1 1 1 1 1 1 1 1 1 1 308 3 2 1 1 70 1 1 3 2 1 1 1 1 2 1 1 2 6 1 1 1 1 1 2 2 3 1 1 2 2 1 2 8 3 2 1 1 1 1 2 4 30 34 35 1 1 2 52 1 1 1 1 1 2 4 2 3 635 3 1 3
2 2 4 1 1 2 5 39 11 8 5 3 1 1 2 3 9 12 2 1 2 1 2 2 1 2 4 1 1 1 1 2 1 1 312 2 1 1 1 72 1 8 7 3 2 1 1 1 1 1 1 1 3 1 1 1 1 1 3 11 2 1 1 2 5 2 1 3 14 2 1 2 1 1 1 1 1 1 1 1 1 1 232 235 237 1 1 1 1 1 1 2 638 1 1 1
3 12 9 3 1 1 2 49 4 3 2 1 1 1 2 5 1 8 2 1 1 1 1 1 1 1 1 6 8 11 12 14 19 1 313 2 1 1 2 84 10 1 14 13 12 11 9 7 4 2 1 1 1 1 2 2 2 1 1 12 4 2 1 1 8 3 2 1 20 2 1 4 1 1 1 1 2 4 2 2 175 178 1 1 4 244 264 266 1 1 1 284 924 926 2 2
22 6 4 2 1 1 53 1 1 1 1 2 1 1 1 1 1 5 1 1 1 1 1 1 3 1 2 1 1 1 1 1 1 21 339 1 1 1 127 38 36 35 19 6 5 4 2 1 1 1 1 1 1 1 2 3 8 2 1 2 19 2 1 1 10 4 3 1 24 2 1 5 2 2 1 2 1 1 5 167 4 1 1 2 1 1 17 3 272 276 280 282 1 2 932 957
4 1 1 1 1 1 55 3 2 1 2 4 2 1 1 1 1 2 1 1 2 1 3 5 10 12 3 2 1 3 2 1 1 1 342 1 132 129 1 1 1 1 2 10 2 1 1 1 1 2 2 1 3 1 4 1 1 12 14 1 27 3 1 1 12 5 1 4 26 4 1 1 8 3 1 2 6 150 157 2 2 1 1 1 2 13 3 2 1 2 3 1 1 1 1 959
1 2 1 2 1 1 1 62 1 31 29 5 2 2 4 2 1 1 1 2 6 1 1 1 1 1 16 105 108 113 117 120 122 1 344 1 138 5 4 3 2 1 1 2 5 2 1 2 7 3 1 1 6 2 5 2 1 1 15 34 30 1 1 2 16 22 2 1 53 85 1 1 2 14 134 138 142 1 4 1 1 1 1 1 8 2 2 1 1 1 1 1 2 3 5 6
1 1 1 3 1 2 125 120 33 1 1 16 14 11 4 2 1 1 1 1 7 2 1 2 2 81 84 2 1 1 1 1 1 125 471 1 139 1 1 1 1 1 1 1 1 1 1 12 2 1 1 2 1 10 16 3 2 1 53 1 2 1 1 1 17 20 45 46 47 1 109 111 113 116 2 3 2 1 2 1 1 2 3 5 1 1 1 1 2 3 1 1 1 1 1 2
1 2 2 4 2 130 2 2 24 19 2 1 1 1 1 1 2 1 1 2 9 1 3 2 75 2 1 1 1 1 1 1 1 1 472 1 149 8 6 4 2 2 1 1 1 1 2 14 1 1 2 1 4 1 1 20 3 56 1 1 1 2 6 12 3 2 1 3 14 18 3 1 1 1 1 1 1 1 1 1 2 1 1 1 1 1 1 1 1 1 6 169 171 173 174 1
2 151 148 144 134 2 1 1 2 2 16 7 6 5 2 1 1 5 1 2 14 1 39 46 70 1 1 1 2 4 6 88 90 93 474 1 150 1 1 1 1 4 4 2 1 1 18 1 1 2 3 1 2 8 1 2 85 3 2 1 1 3 1 3 2 1 1 5 5 3 1 1 1 1 1 1 1 1 1 1 1 5 7 2 1 3 2 149 153 156 159 2 1 2 4 180
157 3 1 2 1 1 1 1 1 1 2 6 4 1 2 1 1 5 13 16 19 36 2 1 1 21 1 1 1 1 2 77 1 2 584 586 739 742 2 2 1 10 1 2 1 1 21 2 1 3 4 1 1 1 10 89 1 2 1 1 1 1 1 1 1 1 4 2 2 1 1 1 1 3 2 2 2 2 3 1 1 1 1 8 3 2 143 2 2 2 2 1 1 1 1 1
2 1 1 1 1 1 1 2 1 1 1 1 1 1 1 1 1 2 2 1 2 2 1 1 1 19 1 2 6 9 75 1 1 8 6 1 1 2 750 2 1 14 3 2 1 1 23 27 1 4 7 1 1 3 104 5 4 3 2 1 1 1 1 1 1 1 1 1 1 1 2 1 3 4 3 3 3 6 2 1 1 2 2 4 130 135 2 1 1 1 1 1 1 1 1 1
1 1 1 1 3 1 2 4 2 1 2 1 1 1 2 2 1 1 1 1 1 1 2 3 16 1 1 2 1 1 65 2 1 6 4 1 1 1 1 755 1 15 1 4 1 2 1 28 2 12 1 1 1 2 114 2 1 1 4 2 1 1 3 3 1 1 1 1 1 1 2 9 24 31 37 42 47 54 3 5 101 105 107 111 3 3 1 1 1 1 1 1 2 98 103 109
2 2 1 3 4 12 10 3 7 6 2 1 2 2 5 2 1 1 1 1 2 4 6 9 1 1 1 1 1 1 59 2 1 5 2 1 1 3 5 772 776 792 6 1 2 3 2 1 31 14 2 1 1 2 131 14 12 9 3 2 1 2 1 7 2 3 2 1 1 3 4 8 2 2 2 1 1 15 70 92 2 1 1 3 2 1 1 1 1 2 82 87 92 2 3 4
1 5 2 4 33 15 13 11 2 1 1 1 3 8 3 7 5 4 1 1 1 1 1 1 1 1 1 3 5 55 1 1 1 3 1 1 1 1 1 10 2 1 801 2 3 4 3 1 47 3 2 1 1 1 133 1 1 1 1 1 2 3 1 9 12 6 3 1 1 2 5 2 1 1 1 1 14 1 18 2 1 1 1 1 1 1 1 1 72 74 4 3 3 1 2 3
12 1 47 35 1 1 1 1 1 1 2 1 5 24 12 4 3 1 1 2 1 1 2 3 5 9 1 1 2 48 10 2 1 1 1 1 3 5 8 1 1 1 1 809 1 5 4 2 51 3 2 1 1 144 6 4 2 1 1 2 2 6 27 25 3 2 1 1 1 1 1 1 1 3 5 11 1 1 13 2 1 1 1 1 1 1 2 66 2 1 3 2 2 1 2 2
1 13 53 4 2 1 1 1 1 2 1 4 30 1 1 2 1 1 1 4 2 1 1 1 1 1 12 15 33 1 1 7 4 2 1 1 1 1 1 1 1 1 1 1 812 13 6 1 57 3 1 151 149 2 2 1 1 1 1 1 3 9 29 1 1 1 2 2 1 1 1 1 1 1 2 2 1 1 11 1 1 1 3 3 2 1 2 60 2 1 2 1 1 1 1 1
2 73 3 2 1 1 2 7 5 1 1 6 39 7 5 2 1 1 1 6 7 4 2 1 1 1 1 1 17 4 2 1 1 1 1 1 2 1 1 1 3 2 1 1 826 1 1 1 59 4 2 153 1 1 1 1 1 2 1 2 2 58 16 15 13 11 7 3 1 2 2 2 1 1 1 1 2 6 2 1 1 1 1 8 3 4 54 2 1 1 1 1 1 1 1 1
2 76 2 1 1 1 2 11 1 1 1 50 3 2 1 1 1 1 2 17 9 1 1 1 3 1 1 1 8 2 1 1 1 1 2 1 1 4 6 8 12 18 23 27 855 1 1 1 61 5 161 5 4 3 2 1 1 4 2 1 75 70 4 3 2 1 1 1 1 3 3 4 2 1 1 1 1 2 1 1 2 2 18 20 29 46 1 1 1 1 1 2 5 1 2 4
82 1 1 1 1 2 2 15 1 1 54 1 1 1 2 1 2 2 21 1 1 1 1 2 6 3 1 1 6 1 1 1 3 2 4 1 1 1 1 1 1 1 2 2 1 860 1 1 245 183 4 3 2 1 1 1 1 2 7 84 80 2 7 4 2 1 1 1 1 5 8 8 5 3 1 1 1 1 1 2 7 12 2 1 2 14 4 3 2 1 1 3 5 12 14 16
88 5 3 1 1 1 20 1 1 56 1 1 2 4 1 2 3 24 1 1 2 2 1 2 14 2 1 1 1 3 1 1 2 4 7 2 2 2 2 3 1 1 1 1 1 1 863 1 249 2 12 6 3 2 1 2 1 2 100 2 2 2 1 2 1 1 2 2 2 14 9 2 1 1 2 2 1 1 1 2 2 2 1 1 6 2 1 1 2 1 1 1 1 1 1 1
1 1 1 1 1 2 233 210 199 197 139 135 123 120 114 111 101 25 2 2 59 3 1 19 15 1 2 1 1 1 1 2 3 6 12 3 3 3 1 1 5 7 1 1 1 1 1 1115 1 1 4 1 2 1 2 1 3 109 2 4 1 1 1 1 1 1 4 37 32 17 7 4 3 1 5 5 3 1 1 1 1 1 1 3 2 1 2 3 8 2 1 1 1 1 1 2
95 250 247 246 243 241 4 9 1 1 1 11 1 1 1 2 2 75 72 64 1 53 51 45 22 19 16 4 2 1 1 2 3 4 32 35 51 58 60 64 1 1 9 99 102 104 107 1224 1 2 1 3 2 1 3 1 2 111 1 1 3 2 1 1 1 2 2 42 1 3 2 1 1 1 11 1 1 1 1 3 1 1 1 1 1 1 1 4 6 19 2 1 2 1 2 1
346 1 1 1 1 1 3 2 6 1 1 1 7 3 1 1 1 2 3 2 1 1 4 3 1 2 2 6 2 1 1 2 3 9 2 6 3 3 2 2 67 79 82 6 1 1 1 1 1230 1 1 2 1 1 4 1 4 113 1 1 1 1 1 1 2 2 5 50 6 2 1 1 2 2 18 5 3 1 1 5 2 2 2 1 1 1 2 1 1 1 24 1 4 1 1 3
1 2 3 1 2 1 2 1 2 2 1 2 1 1 1 1 1 1 1 1 1 1 2 1 1 1 1 1 2 1 1 2 5 1 3 2 2 2 1 1 1 9 1 5 1 1 1 1 1232 2 3 1 1 1 2 5 126 2 1 3 2 3 1 1 2 5 60 52 1 1 1 2 26 21 2 1 1 1 1 2 8 5 2 1 2 1 1 2 3 4 1 26 6 2 1 1
1 1 1 4 1 2 1 1 1 1 1 1 1 1 3 1 2 1 1 1 2 1 1 1 1 1 1 1 1 1 1 1 1 1 1 1 1 1 1 4 6 2 1 3 1 3 4 7 8 1235 5 2 1 2 1 3 129 2 1 6 4 1 1 1 2 1 67 1 2 1 1 46 40 2 1 2 1 1 2 4 15 6 3 2 4 1 1 1 2 3 8 15 52 1 2 2
1 1 1 1 4 1 1 1 1 1 1 3 1 3 5 1 3 2 8 5 2 1 1 2 2 3 1 2 3 2 1 1 1 1 1 1 1 1 1 1 1 1 1 1 1 1 1 1 2 11 1379 1382 1386 1 1 134 1 1 1 1 12 1 1 3 3 1 131 60 59 55 52 3 2 11 7 3 1 1 2 3 19 26 6 5 2 3 1 1 1 2 5 2 2 57 61 63
1 1 1 1 1 2 2 2 2 1 3 4 2 4 7 1 23 13 4 2 1 1 1 4 6 2 1 6 1 3 4 1 2 2 2 1 3 2 1 1 1 1 1 2 2 2 1 1 1 127 3 6 8 1396 1399 1538 1541 1 2 1 15 1 1 146 141 135 3 2 1 1 1 2 1 1 2 1 1 2 1 1 2 29 21 9 6 2 1 1 2 1 1 1 1 1 1 1
1 1 1 1 1 1 1 1 1 2 1 1 1 1 1 26 1 4 2 1 1 1 2 12 3 1 1 9 11 10 2 1 1 4 12 16 20 24 1 1 3 2 2 3 110 114 118 121 124 1 2 2 1 1 2 2 1 1544 3 2 17 1 2 148 1 1 1 1 1 1 1 1 1 1 1 1 1 5 2 1 1 2 56 5 4 2 1 1 4 7 8 1 1 1 1 1
1 1 1 1 1 1 1 1 1 1 1 1 1 1 1 1 1 1 1 1 1 2 2 18 2 1 2 26 3 2 1 1 1 1 2 2 1 26 2 1 46 53 96 102 2 1 2 1 1 1 1 1 1 1 1 1 1 1547 1552 3 22 1 152 1 1 1 1 1 1 2 3 1 1 2 1 1 2 3 12 1 1 1 63 3 1 1 1 1 1 2 4 15 18 2 2 2
1 1 1 1 1 1 1 1 1 1 1 1 1 1 1 1 3 1 1 1 1 2 5 21 1 2 30 1 2 1 1 4 1 1 1 1 6 11 41 43 1 1 39 4 1 1 1 1 17 18 1 1 3 2 1 1 1 1 1 1554 1 1848 1 2 1 3 2 1 1 10 3 1 2 5 1 1 2 1 1 15 17 66 1 1 1 1 2 1 1 1 1 1 2 26 31 33
1 1 1 1 1 1 1 1 1 1 1 1 1 1 1 1 1 2 3 1 2 99 96 69 67 62 60 1 1 13 11 6 3 1 1 4 2 2 1 1 1 35 3 2 1 1 3 4 11 1 24 28 29 68 71 73 1 1 1 115 1671 3 1855 1860 1863 1867 4 1 14 12 1 1 8 1 1 1 2 5 2 1 86 2 1 1 1 1 6 1 2 1 1 1 1 2 2 1
1 1 1 1 1 1 1 1 1 1 1 1 1 1 1 1 1 1 1 2 102 1 1 1 1 1 28 27 25 11 3 2 2 1 1 1 1 1 1 1 1 31 2 2 1 1 2 8 2 1 3 2 1 32 1 1 77 78 111 2 1 2 2 2 1 2 1875 15 1 1 1 3 10 1 3 1 1 1 9 1 88 1 2 2 1 1 8 4 1 3 1 1 1 1 1 2
1 1 1 1 1 1 1 1 1 1 1 1 1 1 1 1 1 1 1 1 1 3 1 1 1 1 1 1 1 2 5 2 1 1 1 2 1 1 1 2 20 9 1 1 1 1 3 2 1 1 1 1 1 31 1 1 1 1 23 7 1 1 1 1 1 1 2009 2026 3 1 1 2 16 2 5 2 1 1 1 11 99 8 5 2 1 1 1 14 2 7 2 1 1 1 2 4
1 1 1 1 1 1 1 1 1 1 1 1 1 1 1 1 1 1 1 1 1 1 2 2 2 2 2 4 1 1 1 1 1 1 1 2 7 9 12 15 1 1 6 2 1 1 1 1 1 1 1 1 27 2 1 8 10 11 11 6 1 1 1 1 1 131 1 1 2031 1 1 1 17 3 8 1 2 2 1 1 114 2 1 1 2 2 1 1 28 3 2 2 1 1 1 1
1 1 1 1 1 1 1 1 1 1 1 1 1 1 1 1 1 1 1 1 1 1 1 1 1 1 1 1 1 1 1 1 1 2 1 1 1 1 1 1 1 1 3 2 1 1 1 1 11 14 21 24 1 1 2 2 1 1 9 1 3 1 4 124 126 129 1 2 2035 2 1 2152 2156 2177 9 2315 2318 3 2 1 116 1 1 2 3 3 1 2 30 1 3 2 2 1 1 1
1 1 1 1 1 1 1 1 1 1 1 1 1 1 1 1 1 1 1 1 1 1 1 1 1 1 1 1 2 3 2 1 2 4 1 1 1 1 1 2 3 1 1 1 1 1 3 7 9 1 4 1 1 1 1 1 4 7 1 1 1 2 1 116 1 1 1 1 2039 1 2150 1 1 1 2304 1 2321 2331 2336 2340 2343 2462 2466 2470 2485 2489 2 33 1 1 6 3 2 3 1 1
