docker_testcase/datasets_hmc/static_data/gridded/liguria/liguria.lat.txt
ncols          559
nrows          167
xllcorner       7.4952
yllcorner      43.7565
cellsize     0.005007
NODATA_value        -9999
[rows 0 to 31 of 167, columns 142 to 212 of 559]
-9999 -9999 -9999 -9999 -9999 -9999 -9999 -9999 -9999 -9999 -9999 -9999 -9999 -9999 -9999 -9999 -9999 -9999 -9999 -9999 -9999 -9999 -9999 -9999 -9999 -9999 -9999 -9999 -9999 -9999 -9999 -9999 -9999 -9999 -9999 -9999 -9999 -9999 -9999 -9999 -9999 -9999 -9999 -9999 -9999 -9999 -9999 -9999 -9999 -9999 -9999 -9999 -9999 -9999 -9999 -9999 -9999 -9999 -9999 -9999 -9999 -9999 -9999 -9999 -9999 -9999 -9999 -9999 -9999 -9999 -9999
-9999 -9999 -9999 -9999 -9999 -9999 -9999 -9999 -9999 -9999 -9999 -9999 -9999 -9999 -9999 -9999 -9999 -9999 -9999 -9999 -9999 -9999 -9999 -9999 -9999 -9999 -9999 -9999 -9999 -9999 -9999 -9999 -9999 -9999 -9999 -9999 -9999 -9999 -9999 -9999 -9999 -9999 -9999 -9999 -9999 -9999 -9999 -9999 -9999 -9999 -9999 -9999 -9999 -9999 -9999 -9999 -9999 -9999 -9999 -9999 -9999 -9999 -9999 -9999 -9999 -9999 -9999 -9999 -9999 -9999 -9999
44.5802 44.5802 44.5802 44.5802 44.5802 44.5802 44.5802 44.5802 44.5802 44.5802 44.5802 44.5802 44.5802 44.5802 44.5802 44.5802 44.5802 44.5802 44.5802 44.5802 44.5802 44.5802 44.5802 44.5802 44.5802 44.5802 44.5802 44.5802 44.5802 44.5802 44.5802 44.5802 44.5802 44.5802 44.5802 44.5802 44.5802 44.5802 44.5802 44.5802 44.5802 44.5802 44.5802 44.5802 44.5802 44.5802 44.5802 44.5802 44.5802 44.5802 44.5802 44.5802 44.5802 44.5802 44.5802 44.5802 44.5802 44.5802 44.5802 44.5802 44.5802 44.5802 44.5802 44.5802 44.5802 44.5802 44.5802 44.5802 44.5802 44.5802 44.5802
44.5751 44.5751 44.5751 44.5751 44.5751 44.5751 44.5751 44.5751 44.5751 44.5751 44.5751 44.5751 44.5751 44.5751 44.5751 44.5751 44.5751 44.5751 44.5751 44.5751 44.5751 44.5751 44.5751 44.5751 44.5751 44.5751 44.5751 44.5751 44.5751 44.5751 44.5751 44.5751 44.5751 44.5751 44.5751 44.5751 44.5751 44.5751 44.5751 44.5751 44.5751 44.5751 44.5751 44.5751 44.5751 44.5751 44.5751 44.5751 44.5751 44.5751 44.5751 44.5751 44.5751 44.5751 44.5751 44.5751 44.5751 44.5751 44.5751 44.5751 44.5751 44.5751 44.5751 44.5751 44.5751 44.5751 44.5751 44.5751 44.5751 44.5751 44.5751
44.5701 44.5701 44.5701 44.5701 44.5701 44.5701 44.5701 44.5701 44.5701 44.5701 44.5701 44.5701 44.5701 44.5701 44.5701 44.5701 44.5701 44.5701 44.5701 44.5701 44.5701 44.5701 44.5701 44.5701 44.5701 44.5701 44.5701 44.5701 44.5701 44.5701 44.5701 44.5701 44.5701 44.5701 44.5701 44.5701 44.5701 44.5701 44.5701 44.5701 44.5701 44.5701 44.5701 44.5701 44.5701 44.5701 44.5701 44.5701 44.5701 44.5701 44.5701 44.5701 44.5701 44.5701 44.5701 44.5701 44.5701 44.5701 44.5701 44.5701 44.5701 44.5701 44.5701 44.5701 44.5701 44.5701 44.5701 44.5701 44.5701 44.5701 44.5701
44.5651 44.5651 44.5651 44.5651 44.5651 44.5651 44.5651 44.5651 44.5651 44.5651 44.5651 44.5651 44.5651 44.5651 44.5651 44.5651 44.5651 44.5651 44.5651 44.5651 44.5651 44.5651 44.5651 44.5651 44.5651 44.5651 44.5651 44.5651 44.5651 44.5651 44.5651 44.5651 44.5651 44.5651 44.5651 44.5651 44.5651 44.5651 44.5651 44.5651 44.5651 44.5651 44.5651 44.5651 44.5651 44.5651 44.5651 44.5651 44.5651 44.5651 44.5651 44.5651 44.5651 44.5651 44.5651 44.5651 44.5651 44.5651 44.5651 44.5651 44.5651 44.5651 44.5651 44.5651 44.5651 44.5651 44.5651 44.5651 44.5651 44.5651 44.5651
44.5601 44.5601 44.5601 44.5601 44.5601 44.5601 44.5601 44.5601 44.5601 44.5601 44.5601 44.5601 44.5601 44.5601 44.5601 44.5601 44.5601 44.5601 44.5601 44.5601 44.5601 44.5601 44.5601 44.5601 44.5601 44.5601 44.5601 44.5601 44.5601 44.5601 44.5601 44.5601 44.5601 44.5601 44.5601 44.5601 44.5601 44.5601 44.5601 44.5601 44.5601 44.5601 44.5601 44.5601 44.5601 44.5601 44.5601 44.5601 44.5601 44.5601 44.5601 44.5601 44.5601 44.5601 44.5601 44.5601 44.5601 44.5601 44.5601 44.5601 44.5601 44.5601 44.5601 44.5601 44.5601 44.5601 44.5601 44.5601 44.5601 44.5601 44.5601
44.5551 44.5551 44.5551 44.5551 44.5551 44.5551 44.5551 44.5551 44.5551 44.5551 44.5551 44.5551 44.5551 44.5551 44.5551 44.5551 44.5551 44.5551 44.5551 44.5551 44.5551 44.5551 44.5551 44.5551 44.5551 44.5551 44.5551 44.5551 44.5551 44.5551 44.5551 44.5551 44.5551 44.5551 44.5551 44.5551 44.5551 44.5551 44.5551 44.5551 44.5551 44.5551 44.5551 44.5551 44.5551 44.5551 44.5551 44.5551 44.5551 44.5551 44.5551 44.5551 44.5551 44.5551 44.5551 44.5551 44.5551 44.5551 44.5551 44.5551 44.5551 44.5551 44.5551 44.5551 44.5551 44.5551 44.5551 44.5551 44.5551 44.5551 44.5551
44.5501 44.5501 44.5501 44.5501 44.5501 44.5501 44.5501 44.5501 44.5501 44.5501 44.5501 44.5501 44.5501 44.5501 44.5501 44.5501 44.5501 44.5501 44.5501 44.5501 44.5501 44.5501 44.5501 44.5501 44.5501 44.5501 44.5501 44.5501 44.5501 44.5501 44.5501 44.5501 44.5501 44.5501 44.5501 44.5501 44.5501 44.5501 44.5501 44.5501 44.5501 44.5501 44.5501 44.5501 44.5501 44.5501 44.5501 44.5501 44.5501 44.5501 44.5501 44.5501 44.5501 44.5501 44.5501 44.5501 44.5501 44.5501 44.5501 44.5501 44.5501 44.5501 44.5501 44.5501 44.5501 44.5501 44.5501 44.5501 44.5501 44.5501 44.5501
44.5451 44.5451 44.5451 44.5451 44.5451 44.5451 44.5451 44.5451 44.5451 44.5451 44.5451 44.5451 44.5451 44.5451 44.5451 44.5451 44.5451 44.5451 44.5451 44.5451 44.5451 44.5451 44.5451 44.5451 44.5451 44.5451 44.5451 44.5451 44.5451 44.5451 44.5451 44.5451 44.5451 44.5451 44.5451 44.5451 44.5451 44.5451 44.5451 44.5451 44.5451 44.5451 44.5451 44.5451 44.5451 44.5451 44.5451 44.5451 44.5451 44.5451 44.5451 44.5451 44.5451 44.5451 44.5451 44.5451 44.5451 44.5451 44.5451 44.5451 44.5451 44.5451 44.5451 44.5451 44.5451 44.5451 44.5451 44.5451 44.5451 44.5451 44.5451
44.5401 44.5401 44.5401 44.5401 44.5401 44.5401 44.5401 44.5401 44.5401 44.5401 44.5401 44.5401 44.5401 44.5401 44.5401 44.5401 44.5401 44.5401 44.5401 44.5401 44.5401 44.5401 44.5401 44.5401 44.5401 44.5401 44.5401 44.5401 44.5401 44.5401 44.5401 44.5401 44.5401 44.5401 44.5401 44.5401 44.5401 44.5401 44.5401 44.5401 44.5401 44.5401 44.5401 44.5401 44.5401 44.5401 44.5401 44.5401 44.5401 44.5401 44.5401 44.5401 44.5401 44.5401 44.5401 44.5401 44.5401 44.5401 44.5401 44.5401 44.5401 44.5401 44.5401 44.5401 44.5401 44.5401 44.5401 44.5401 44.5401 44.5401 44.5401
44.5351 44.5351 44.5351 44.5351 44.5351 44.5351 44.5351 44.5351 44.5351 44.5351 44.5351 44.5351 44.5351 44.5351 44.5351 44.5351 44.5351 44.5351 44.5351 44.5351 44.5351 44.5351 44.5351 44.5351 44.5351 44.5351 44.5351 44.5351 44.5351 44.5351 44.5351 44.5351 44.5351 44.5351 44.5351 44.5351 44.5351 44.5351 44.5351 44.5351 44.5351 44.5351 44.5351 44.5351 44.5351 44.5351 44.5351 44.5351 44.5351 44.5351 44.5351 44.5351 44.5351 44.5351 44.5351 44.5351 44.5351 44.5351 44.5351 44.5351 44.5351 44.5351 44.5351 44.5351 44.5351 44.5351 44.5351 44.5351 44.5351 44.5351 44.5351
44.5301 44.5301 44.5301 44.5301 44.5301 44.5301 44.5301 44.5301 44.5301 44.5301 44.5301 44.5301 44.5301 44.5301 44.5301 44.5301 44.5301 44.5301 44.5301 44.5301 44.5301 44.5301 44.5301 44.5301 44.5301 44.5301 44.5301 44.5301 44.5301 44.5301 44.5301 44.5301 44.5301 44.5301 44.5301 44.5301 44.5301 44.5301 44.5301 44.5301 44.5301 44.5301 44.5301 44.5301 44.5301 44.5301 44.5301 44.5301 44.5301 44.5301 44.5301 44.5301 44.5301 44.5301 44.5301 44.5301 44.5301 44.5301 44.5301 44.5301 44.5301 44.5301 44.5301 44.5301 44.5301 44.5301 44.5301 44.5301 44.5301 44.5301 44.5301
44.5251 44.5251 44.5251 44.5251 44.5251 44.5251 44.5251 44.5251 44.5251 44.5251 44.5251 44.5251 44.5251 44.5251 44.5251 44.5251 44.5251 44.5251 44.5251 44.5251 44.5251 44.5251 44.5251 44.5251 44.5251 44.5251 44.5251 44.5251 44.5251 44.5251 44.5251 44.5251 44.5251 44.5251 44.5251 44.5251 44.5251 44.5251 44.5251 44.5251 44.5251 44.5251 44.5251 44.5251 44.5251 44.5251 44.5251 44.5251 44.5251 44.5251 44.5251 44.5251 44.5251 44.5251 44.5251 44.5251 44.5251 44.5251 44.5251 44.5251 44.5251 44.5251 44.5251 44.5251 44.5251 44.5251 44.5251 44.5251 44.5251 44.5251 44.5251
44.5201 44.5201 44.5201 44.5201 44.5201 44.5201 44.5201 44.5201 44.5201 44.5201 44.5201 44.5201 44.5201 44.5201 44.5201 44.5201 44.5201 44.5201 44.5201 44.5201 44.5201 44.5201 44.5201 44.5201 44.5201 44.5201 44.5201 44.5201 44.5201 44.5201 44.5201 44.5201 44.5201 44.5201 44.5201 44.5201 44.5201 44.5201 44.5201 44.5201 44.5201 44.5201 44.5201 44.5201 44.5201 44.5201 44.5201 44.5201 44.5201 44.5201 44.5201 44.5201 44.5201 44.5201 44.5201 44.5201 44.5201 44.5201 44.5201 44.5201 44.5201 44.5201 44.5201 44.5201 44.5201 44.5201 44.5201 44.5201 44.5201 44.5201 44.5201
44.5151 44.5151 44.5151 44.5151 44.5151 44.5151 44.5151 44.5151 44.5151 44.5151 44.5151 44.5151 44.5151 44.5151 44.5151 44.5151 44.5151 44.5151 44.5151 44.5151 44.5151 44.5151 44.5151 44.5151 44.5151 44.5151 44.5151 44.5151 44.5151 44.5151 44.5151 44.5151 44.5151 44.5151 44.5151 44.5151 44.5151 44.5151 44.5151 44.5151 44.5151 44.5151 44.5151 44.5151 44.5151 44.5151 44.5151 44.5151 44.5151 44.5151 44.5151 44.5151 44.5151 44.5151 44.5151 44.5151 44.5151 44.5151 44.5151 44.5151 44.5151 44.5151 44.5151 44.5151 44.5151 44.5151 44.5151 44.5151 44.5151 44.5151 44.5151
44.5101 44.5101 44.5101 44.5101 44.5101 44.5101 44.5101 44.5101 44.5101 44.5101 44.5101 44.5101 44.5101 44.5101 44.5101 44.5101 44.5101 44.5101 44.5101 44.5101 44.5101 44.5101 44.5101 44.5101 44.5101 44.5101 44.5101 44.5101 44.5101 44.5101 44.5101 44.5101 44.5101 44.5101 44.5101 44.5101 44.5101 44.5101 44.5101 44.5101 44.5101 44.5101 44.5101 44.5101 44.5101 44.5101 44.5101 44.5101 44.5101 44.5101 44.5101 44.5101 44.5101 44.5101 44.5101 44.5101 44.5101 44.5101 44.5101 44.5101 44.5101 44.5101 44.5101 44.5101 44.5101 44.5101 44.5101 44.5101 44.5101 44.5101 44.5101
44.505 44.505 44.505 44.505 44.505 44.505 44.505 44.505 44.505 44.505 44.505 44.505 44.505 44.505 44.505 44.505 44.505 44.505 44.505 44.505 44.505 44.505 44.505 44.505 44.505 44.505 44.505 44.505 44.505 44.505 44.505 44.505 44.505 44.505 44.505 44.505 44.505 44.505 44.505 44.505 44.505 44.505 44.505 44.505 44.505 44.505 44.505 44.505 44.505 44.505 44.505 44.505 44.505 44.505 44.505 44.505 44.505 44.505 44.505 44.505 44.505 44.505 44.505 44.505 44.505 44.505 44.505 44.505 44.505 44.505 44.505
44.5 44.5 44.5 44.5 44.5 44.5 44.5 44.5 44.5 44.5 44.5 44.5 44.5 44.5 44.5 44.5 44.5 44.5 44.5 44.5 44.5 44.5 44.5 44.5 44.5 44.5 44.5 44.5 44.5 44.5 44.5 44.5 44.5 44.5 44.5 44.5 44.5 44.5 44.5 44.5 44.5 44.5 44.5 44.5 44.5 44.5 44.5 44.5 44.5 44.5 44.5 44.5 44.5 44.5 44.5 44.5 44.5 44.5 44.5 44.5 44.5 44.5 44.5 44.5 44.5 44.5 44.5 44.5 44.5 44.5 44.5
44.495 44.495 44.495 44.495 44.495 44.495 44.495 44.495 44.495 44.495 44.495 44.495 44.495 44.495 44.495 44.495 44.495 44.495 44.495 44.495 44.495 44.495 44.495 44.495 44.495 44.495 44.495 44.495 44.495 44.495 44.495 44.495 44.495 44.495 44.495 44.495 44.495 44.495 44.495 44.495 44.495 44.495 44.495 44.495 44.495 44.495 44.495 44.495 44.495 44.495 44.495 44.495 44.495 44.495 44.495 44.495 44.495 44.495 44.495 44.495 44.495 44.495 44.495 44.495 44.495 44.495 44.495 44.495 44.495 44.495 44.495
44.49 44.49 44.49 44.49 44.49 44.49 44.49 44.49 44.49 44.49 44.49 44.49 44.49 44.49 44.49 44.49 44.49 44.49 44.49 44.49 44.49 44.49 44.49 44.49 44.49 44.49 44.49 44.49 44.49 44.49 44.49 44.49 44.49 44.49 44.49 44.49 44.49 44.49 44.49 44.49 44.49 44.49 44.49 44.49 44.49 44.49 44.49 44.49 44.49 44.49 44.49 44.49 44.49 44.49 44.49 44.49 44.49 44.49 44.49 44.49 44.49 44.49 44.49 44.49 44.49 44.49 44.49 44.49 44.49 44.49 44.49
44.485 44.485 44.485 44.485 44.485 44.485 44.485 44.485 44.485 44.485 44.485 44.485 44.485 44.485 44.485 44.485 44.485 44.485 44.485 44.485 44.485 44.485 44.485 44.485 44.485 44.485 44.485 44.485 44.485 44.485 44.485 44.485 44.485 44.485 44.485 44.485 44.485 44.485 44.485 44.485 44.485 44.485 44.485 44.485 44.485 44.485 44.485 44.485 44.485 44.485 44.485 44.485 44.485 44.485 44.485 44.485 44.485 44.485 44.485 44.485 44.485 44.485 44.485 44.485 44.485 44.485 44.485 44.485 44.485 44.485 44.485
44.48 44.48 44.48 44.48 44.48 44.48 44.48 44.48 44.48 44.48 44.48 44.48 44.48 44.48 44.48 44.48 44.48 44.48 44.48 44.48 44.48 44.48 44.48 44.48 44.48 44.48 44.48 44.48 44.48 44.48 44.48 44.48 44.48 44.48 44.48 44.48 44.48 44.48 44.48 44.48 44.48 44.48 44.48 44.48 44.48 44.48 44.48 44.48 44.48 44.48 44.48 44.48 44.48 44.48 44.48 44.48 44.48 44.48 44.48 44.48 44.48 44.48 44.48 44.48 44.48 44.48 44.48 44.48 44.48 44.48 44.48
44.475 44.475 44.475 44.475 44.475 44.475 44.475 44.475 44.475 44.475 44.475 44.475 44.475 44.475 44.475 44.475 44.475 44.475 44.475 44.475 44.475 44.475 44.475 44.475 44.475 44.475 44.475 44.475 44.475 44.475 44.475 44.475 44.475 44.475 44.475 44.475 44.475 44.475 44.475 44.475 44.475 44.475 44.475 44.475 44.475 44.475 44.475 44.475 44.475 44.475 44.475 44.475 44.475 44.475 44.475 44.475 44.475 44.475 44.475 44.475 44.475 44.475 44.475 44.475 44.475 44.475 44.475 44.475 44.475 44.475 44.475
44.47 44.47 44.47 44.47 44.47 44.47 44.47 44.47 44.47 44.47 44.47 44.47 44.47 44.47 44.47 44.47 44.47 44.47 44.47 44.47 44.47 44.47 44.47 44.47 44.47 44.47 44.47 44.47 44.47 44.47 44.47 44.47 44.47 44.47 44.47 44.47 44.47 44.47 44.47 44.47 44.47 44.47 44.47 44.47 44.47 44.47 44.47 44.47 44.47 44.47 44.47 44.47 44.47 44.47 44.47 44.47 44.47 44.47 44.47 44.47 44.47 44.47 44.47 44.47 44.47 44.47 44.47 44.47 44.47 44.47 44.47
44.465 44.465 44.465 44.465 44.465 44.465 44.465 44.465 44.465 44.465 44.465 44.465 44.465 44.465 44.465 44.465 44.465 44.465 44.465 44.465 44.465 44.465 44.465 44.465 44.465 44.465 44.465 44.465 44.465 44.465 44.465 44.465 44.465 44.465 44.465 44.465 44.465 44.465 44.465 44.465 44.465 44.465 44.465 44.465 44.465 44.465 44.465 44.465 44.465 44.465 44.465 44.465 44.465 44.465 44.465 44.465 44.465 44.465 44.465 44.465 44.465 44.465 44.465 44.465 44.465 44.465 44.465 44.465 44.465 44.465 44.465
44.46 44.46 44.46 44.46 44.46 44.46 44.46 44.46 44.46 44.46 44.46 44.46 44.46 44.46 44.46 44.46 44.46 44.46 44.46 44.46 44.46 44.46 44.46 44.46 44.46 44.46 44.46 44.46 44.46 44.46 44.46 44.46 44.46 44.46 44.46 44.46 44.46 44.46 44.46 44.46 44.46 44.46 44.46 44.46 44.46 44.46 44.46 44.46 44.46 44.46 44.46 44.46 44.46 44.46 44.46 44.46 44.46 44.46 44.46 44.46 44.46 44.46 44.46 44.46 44.46 44.46 44.46 44.46 44.46 44.46 44.46
44.455 44.455 44.455 44.455 44.455 44.455 44.455 44.455 44.455 44.455 44.455 44.455 44.455 44.455 44.455 44.455 44.455 44.455 44.455 44.455 44.455 44.455 44.455 44.455 44.455 44.455 44.455 44.455 44.455 44.455 44.455 44.455 44.455 44.455 44.455 44.455 44.455 44.455 44.455 44.455 44.455 44.455 44.455 44.455 44.455 44.455 44.455 44.455 44.455 44.455 44.455 44.455 44.455 44.455 44.455 44.455 44.455 44.455 44.455 44.455 44.455 44.455 44.455 44.455 44.455 44.455 44.455 44.455 44.455 44.455 44.455
44.45 44.45 44.45 44.45 44.45 44.45 44.45 44.45 44.45 44.45 44.45 44.45 44.45 44.45 44.45 44.45 44.45 44.45 44.45 44.45 44.45 44.45 44.45 44.45 44.45 44.45 44.45 44.45 44.45 44.45 44.45 44.45 44.45 44.45 44.45 44.45 44.45 44.45 44.45 44.45 44.45 44.45 44.45 44.45 44.45 44.45 44.45 44.45 44.45 44.45 44.45 44.45 44.45 44.45 44.45 44.45 44.45 44.45 44.45 44.45 44.45 44.45 44.45 44.45 44.45 44.45 44.45 44.45 44.45 44.45 44.45
44.445 44.445 44.445 44.445 44.445 44.445 44.445 44.445 44.445 44.445 44.445 44.445 44.445 44.445 44.445 44.445 44.445 44.445 44.445 44.445 44.445 44.445 44.445 44.445 44.445 44.445 44.445 44.445 44.445 44.445 44.445 44.445 44.445 44.445 44.445 44.445 44.445 44.445 44.445 44.445 44.445 44.445 44.445 44.445 44.445 44.445 44.445 44.445 44.445 44.445 44.445 44.445 44.445 44.445 44.445 44.445 44.445 44.445 44.445 44.445 44.445 44.445 44.445 44.445 44.445 44.445 44.445 44.445 44.445 44.445 44.445
44.44 44.44 44.44 44.44 44.44 44.44 44.44 44.44 44.44 44.44 44.44 44.44 44.44 44.44 44.44 44.44 44.44 44.44 44.44 44.44 44.44 44.44 44.44 44.44 44.44 44.44 44.44 44.44 44.44 44.44 44.44 44.44 44.44 44.44 44.44 44.44 44.44 44.44 44.44 44.44 44.44 44.44 44.44 44.44 44.44 44.44 44.44 44.44 44.44 44.44 44.44 44.44 44.44 44.44 44.44 44.44 44.44 44.44 44.44 44.44 44.44 44.44 44.44 44.44 44.44 44.44 44.44 44.44 44.44 44.44 44.44
44.4349 44.4349 44.4349 44.4349 44.4349 44.4349 44.4349 44.4349 44.4349 44.4349 44.4349 44.4349 44.4349 44.4349 44.4349 44.4349 44.4349 44.4349 44.4349 44.4349 44.4349 44.4349 44.4349 44.4349 44.4349 44.4349 44.4349 44.4349 44.4349 44.4349 44.4349 44.4349 44.4349 44.4349 44.4349 44.4349 44.4349 44.4349 44.4349 44.4349 44.4349 44.4349 44.4349 44.4349 44.4349 44.4349 44.4349 44.4349 44.4349 44.4349 44.4349 44.4349 44.4349 44.4349 44.4349 44.4349 44.4349 44.4349 44.4349 44.4349 44.4349 44.4349 44.4349 44.4349 44.4349 44.4349 44.4349 44.4349 44.4349 44.4349 44.4349
