docker_testcase/datasets_hmc/static_data/gridded/liguria/liguria.cn.txt
ncols   559
nrows   167
xllcorner    7.4952
yllcorner    43.7565
cellsize    0.005007
NODATA_value -9999
[rows 0 to 32 of 167, columns 296 to 369 of 559]
-9999.0 -9999.0 -9999.0 -9999.0 -9999.0 -9999.0 -9999.0 -9999.0 -9999.0 -9999.0 -9999.0 -9999.0 -9999.0 -9999.0 -9999.0 -9999.0 -9999.0 -9999.0 -9999.0 -9999.0 -9999.0 -9999.0 -9999.0 -9999.0 -9999.0 -9999.0 -9999.0 -9999.0 -9999.0 -9999.0 -9999.0 -9999.0 -9999.0 -9999.0 -9999.0 -9999.0 -9999.0 -9999.0 -9999.0 -9999.0 -9999.0 -9999.0 -9999.0 -9999.0 -9999.0 -9999.0 -9999.0 -9999.0 -9999.0 -9999.0 -9999.0 -9999.0 -9999.0 -9999.0 -9999.0 -9999.0 -9999.0 -9999.0 -9999.0 -9999.0 -9999.0 -9999.0 -9999.0 -9999.0 -9999.0 -9999.0 -9999.0 -9999.0 -9999.0 -9999.0 -9999.0 -9999.0 -9999.0 -9999.0
-9999.0 -9999.0 -9999.0 -9999.0 -9999.0 -9999.0 -9999.0 -9999.0 -9999.0 -9999.0 -9999.0 -9999.0 -9999.0 -9999.0 -9999.0 -9999.0 -9999.0 -9999.0 -9999.0 -9999.0 -9999.0 -9999.0 -9999.0 -9999.0 -9999.0 -9999.0 -9999.0 -9999.0 -9999.0 -9999.0 -9999.0 -9999.0 -9999.0 -9999.0 -9999.0 -9999.0 -9999.0 -9999.0 -9999.0 -9999.0 -9999.0 -9999.0 -9999.0 -9999.0 -9999.0 -9999.0 -9999.0 -9999.0 -9999.0 -9999.0 -9999.0 -9999.0 -9999.0 -9999.0 -9999.0 -9999.0 -9999.0 -9999.0 -9999.0 -9999.0 -9999.0 -9999.0 -9999.0 -9999.0 -9999.0 -9999.0 -9999.0 -9999.0 -9999.0 -9999.0 -9999.0 -9999.0 -9999.0 -9999.0
50.7 50.2 58.8 50.6 49.9 59.5 72.7 64.4 65.0 65.0 65.0 64.4 64.4 64.4 64.4 64.4 64.4 64.4 64.4 64.4 64.4 65.0 59.9 59.9 59.9 59.9 65.0 64.4 64.4 64.4 64.4 64.4 64.4 64.4 64.4 64.4 64.4 64.4 64.4 64.4 64.4 64.4 64.4 64.4 64.4 64.4 64.4 60.2 64.4 64.4 64.4 64.4 64.4 64.4 64.4 64.4 64.4 47.0 47.0 60.8 73.0 65.0 65.0 65.0 65.0 61.8 60.2 64.4 64.4 64.4 64.4 64.4 64.4 64.4
51.5 49.9 49.9 49.9 49.9 49.9 50.6 53.7 65.0 60.3 60.2 59.5 59.9 59.9 59.9 59.9 59.9 59.9 59.9 59.9 59.9 65.0 65.0 60.0 59.9 59.9 60.6 60.6 59.9 59.9 59.9 59.9 59.9 59.9 65.0 65.0 61.1 61.6 65.0 65.0 65.0 65.0 59.9 60.1 60.1 59.9 59.9 59.9 59.9 59.9 59.9 60.0 60.0 60.3 60.3 59.6 47.0 60.3 59.8 50.3 65.0 65.0 65.0 65.0 65.0 65.0 59.9 59.9 59.9 60.3 60.5 65.0 65.0 59.9
59.1 50.4 49.9 49.9 49.9 49.9 49.9 49.9 57.6 59.8 59.9 47.0 55.7 59.9 62.0 59.7 65.0 65.0 65.0 65.0 65.0 65.0 60.4 60.0 59.9 59.9 59.9 59.9 59.9 59.9 59.9 59.9 59.9 59.9 60.1 60.1 65.0 65.0 60.5 60.5 60.5 60.5 59.7 65.0 63.7 59.9 59.9 59.9 59.9 59.9 59.9 59.9 61.2 60.0 60.7 60.7 60.9 60.9 60.9 60.9 47.0 65.0 65.0 65.0 65.0 64.6 59.9 59.9 60.2 65.0 65.0 65.0 65.0 65.0
73.0 73.0 73.0 73.0 51.4 49.9 49.9 59.7 73.0 60.5 59.9 59.5 63.1 65.0 61.1 60.4 65.0 65.0 65.0 60.5 65.0 60.8 60.1 59.9 59.9 59.9 59.9 59.9 59.9 59.9 59.9 59.9 59.9 59.9 59.9 59.9 59.8 65.0 65.0 59.9 59.9 61.5 65.0 65.0 65.0 65.0 60.1 65.0 65.0 60.7 61.2 65.0 65.0 65.0 60.9 60.9 60.9 60.9 60.9 60.9 60.7 65.0 63.4 61.1 62.9 65.0 59.9 59.9 60.5 65.0 65.0 65.0 65.0 65.0
73.0 73.0 73.0 54.1 50.8 49.9 49.9 47.0 59.9 60.3 65.0 60.0 60.1 65.0 60.4 60.0 60.2 60.2 60.2 59.9 60.2 60.2 59.9 59.9 59.9 59.9 59.9 65.0 65.0 65.0 59.9 65.0 59.9 59.9 65.0 59.9 60.0 60.2 60.1 65.0 62.9 60.2 65.0 65.0 65.0 61.9 65.0 65.0 60.9 60.9 60.9 61.4 61.0 61.0 60.9 60.9 60.9 60.9 60.9 60.9 61.3 70.6 63.7 60.9 59.7 60.2 59.9 65.0 65.0 65.0 65.0 65.0 65.0 65.0
73.0 61.9 58.2 59.8 50.4 49.9 49.9 65.0 70.6 60.4 59.9 59.9 59.9 60.2 59.9 59.9 59.9 59.9 59.9 59.9 59.9 59.9 59.9 59.9 59.9 59.9 59.9 60.1 60.2 60.1 59.9 60.4 59.9 59.9 60.1 59.9 59.9 59.9 59.9 60.1 60.2 65.0 65.0 65.0 60.6 61.1 61.2 61.2 60.9 60.9 60.9 60.9 60.9 61.4 65.0 65.0 60.9 60.9 60.9 61.0 67.7 70.5 60.9 60.8 58.6 65.0 65.0 63.8 47.0 61.2 65.0 65.0 61.7 60.0
70.8 61.0 60.6 58.1 65.0 56.7 65.0 59.8 60.2 60.7 68.0 60.3 59.9 59.9 59.9 59.9 59.9 59.9 59.9 59.9 59.9 59.9 59.9 59.9 59.9 59.9 59.9 59.9 59.9 59.9 59.9 59.9 59.9 59.9 59.9 59.9 61.8 59.9 65.0 65.0 60.7 60.3 47.0 60.9 60.9 60.9 65.0 65.0 60.9 60.9 60.9 60.9 60.9 61.3 61.3 61.2 60.9 60.9 60.9 61.0 61.1 60.9 60.6 57.4 50.0 47.0 47.0 51.8 48.5 61.8 65.0 63.9 65.0 65.0
73.0 73.0 73.0 65.0 73.0 60.5 59.6 60.0 70.1 64.8 60.4 70.2 60.0 59.9 59.9 59.9 59.9 59.9 59.9 59.9 59.9 59.9 59.9 59.9 59.9 59.9 59.9 59.9 59.9 61.0 61.1 59.9 61.3 60.4 59.9 59.9 59.9 60.5 65.0 60.7 47.0 65.0 51.7 58.2 60.9 60.9 61.2 61.5 65.0 60.9 60.9 60.9 60.9 60.9 60.9 60.9 60.9 60.9 60.9 60.9 60.9 60.9 60.8 59.4 47.0 54.9 55.8 47.0 57.4 60.1 50.2 59.5 60.3 59.9
62.1 73.0 73.0 66.0 73.0 73.0 60.2 59.9 63.6 59.7 61.1 59.9 60.1 60.2 65.0 65.0 65.0 59.9 59.9 59.9 59.9 59.9 59.9 59.9 59.9 59.9 59.9 59.9 59.9 61.0 65.0 59.9 59.9 60.0 59.9 58.5 65.0 60.0 60.3 65.0 60.1 47.0 47.0 65.0 65.0 65.0 65.0 62.0 61.2 60.9 61.2 65.0 61.9 60.9 60.9 60.9 60.9 60.9 60.9 60.9 60.9 60.9 60.9 60.9 60.3 59.8 59.2 47.2 47.0 54.8 54.2 47.0 59.9 59.9
60.0 60.2 63.1 73.0 73.0 73.0 61.9 73.0 60.8 60.0 61.3 59.9 65.0 65.0 61.0 60.3 65.0 60.2 59.9 59.9 59.9 59.9 59.9 59.9 59.9 59.9 59.9 59.9 59.9 59.9 60.1 59.9 59.9 59.9 65.0 65.0 65.0 65.0 65.0 60.0 47.0 47.0 55.4 58.0 47.0 61.1 61.1 60.9 60.9 60.9 61.2 65.0 65.0 61.7 64.5 60.9 60.9 61.2 65.0 60.9 60.9 60.9 60.9 60.9 60.7 59.9 59.9 59.9 65.0 60.2 56.6 59.6 59.9 59.9
60.3 59.9 60.4 57.0 61.0 47.0 60.1 59.2 60.3 59.9 59.9 59.9 60.3 60.3 59.9 59.9 59.9 60.1 58.3 59.9 59.9 59.9 59.9 59.9 59.9 59.9 59.9 59.9 59.9 59.9 59.9 59.9 61.9 65.0 60.1 60.5 63.3 65.0 61.4 65.0 60.6 60.7 60.7 60.6 60.6 60.9 60.9 60.9 60.9 60.9 61.1 61.1 61.0 61.0 65.0 73.0 60.9 61.0 60.9 60.9 62.7 60.9 60.9 60.9 60.8 60.2 59.9 60.3 65.0 59.8 59.8 59.9 59.9 59.9
60.1 59.9 68.1 61.1 60.9 61.0 59.7 60.7 60.0 59.9 59.9 59.9 59.9 49.5 64.3 69.5 61.7 73.0 60.0 59.9 59.9 59.9 59.9 59.9 59.9 59.9 59.9 59.9 59.9 59.9 59.9 59.9 60.0 62.0 56.7 59.0 60.9 65.0 61.0 61.3 65.0 65.0 60.9 60.9 60.9 60.9 60.9 60.9 60.9 61.9 65.0 65.0 60.9 65.7 66.0 73.0 60.9 60.9 60.9 61.2 65.0 65.0 60.9 61.0 65.0 60.8 59.7 60.2 62.3 59.9 60.0 58.8 59.9 59.9
73.0 71.3 66.3 60.6 60.1 59.9 59.9 59.9 64.3 59.3 60.0 59.9 47.9 57.5 73.0 73.0 69.2 61.2 61.5 65.0 65.0 59.9 59.9 59.9 59.9 59.9 59.9 59.9 58.5 59.9 59.9 60.1 62.9 65.0 59.8 60.6 65.0 60.9 60.9 61.0 65.0 61.2 65.0 65.0 60.9 60.9 60.9 60.9 60.9 63.7 65.0 60.9 60.9 60.9 60.9 60.9 60.9 60.9 60.9 60.9 61.0 61.0 60.9 61.1 64.9 60.9 60.9 63.7 65.0 65.0 60.9 60.8 60.8 60.6
70.9 73.0 69.1 60.4 59.9 59.9 59.9 59.9 59.9 60.2 58.7 59.9 59.9 73.0 69.7 54.4 47.4 61.0 60.5 59.5 65.0 60.1 59.9 59.9 59.9 59.9 59.9 59.9 59.9 59.1 63.7 60.2 59.9 58.2 47.0 65.0 63.9 65.0 60.9 61.0 61.0 61.0 65.0 65.0 60.9 60.9 60.9 60.9 60.9 64.3 64.5 60.9 60.9 60.9 60.9 60.9 60.9 60.9 60.9 60.9 60.9 60.9 60.9 61.2 65.0 65.0 60.9 61.0 61.0 60.9 61.7 65.0 65.0 65.0
70.9 73.0 73.0 60.6 59.9 59.9 59.9 59.9 59.9 59.9 59.9 59.9 59.9 61.1 60.0 60.0 59.7 59.9 59.9 59.9 60.0 65.9 60.0 59.9 59.9 60.1 59.9 59.9 58.5 65.0 54.3 59.9 59.9 47.0 54.8 54.1 60.9 65.0 60.9 60.9 60.9 60.9 61.0 65.0 65.0 60.9 60.9 60.9 60.9 60.9 60.9 60.9 60.9 60.9 60.9 60.9 60.9 60.9 60.9 60.9 60.9 60.9 60.9 60.9 61.0 61.0 60.9 60.9 60.9 60.9 61.7 65.0 65.0 61.0
60.1 60.9 61.0 60.2 59.9 59.9 65.0 65.0 60.1 59.9 59.9 59.9 59.9 59.9 59.9 59.9 59.9 59.9 59.9 59.9 59.9 60.0 59.9 59.9 70.6 59.3 59.9 65.0 63.9 58.3 59.8 59.9 59.9 50.4 56.2 58.3 60.9 60.9 60.9 60.9 60.9 60.9 60.9 60.9 60.9 60.9 60.9 60.9 60.9 60.9 60.9 60.9 60.9 60.9 60.9 60.9 60.9 60.9 60.9 60.9 60.9 61.1 65.0 65.0 60.9 60.9 60.9 60.9 60.9 60.9 61.1 64.2 65.0 59.8
68.5 73.0 58.1 59.9 59.9 59.9 59.9 59.9 66.7 60.2 59.9 59.9 59.9 59.9 59.9 59.9 59.9 59.9 59.9 59.9 59.9 59.9 59.9 59.9 60.0 59.9 59.9 59.9 59.9 58.5 47.0 60.8 60.2 59.8 48.9 60.9 60.9 60.9 60.9 60.9 60.9 60.9 60.9 60.9 60.9 60.9 60.9 60.9 60.9 60.9 60.9 60.9 61.0 64.4 60.9 60.9 60.9 60.9 60.9 60.9 60.9 60.9 61.4 65.0 60.9 60.9 61.9 60.9 60.9 60.9 60.9 60.9 61.0 61.1
55.1 73.0 73.0 60.8 59.9 59.9 59.9 59.9 59.9 59.9 59.9 59.9 59.9 59.9 59.9 59.9 59.9 59.9 59.9 59.9 59.9 59.9 59.9 59.9 59.9 59.9 59.9 59.9 59.9 60.3 73.0 63.1 59.9 57.5 65.0 65.0 60.9 60.9 60.9 65.0 60.9 60.9 60.9 60.9 60.9 60.9 60.9 60.9 60.9 60.9 60.9 60.9 61.4 65.0 65.0 60.9 60.9 60.9 60.9 60.9 60.9 60.9 61.5 65.0 60.9 61.3 65.0 65.0 60.9 60.9 60.9 61.2 65.0 65.0
61.7 73.0 73.0 60.7 59.9 59.9 65.0 71.0 63.3 60.1 59.9 47.0 59.5 59.9 59.9 59.9 59.9 59.9 59.9 59.9 59.9 59.9 59.9 59.9 59.9 59.9 59.9 61.5 65.0 73.0 68.3 60.0 59.9 65.0 65.0 60.9 62.4 65.0 60.9 60.9 60.9 60.9 60.9 60.9 60.9 60.9 60.9 60.9 60.9 60.9 60.9 60.9 61.4 65.0 60.9 60.9 60.9 60.9 60.9 60.9 60.9 60.9 60.9 60.9 60.9 61.1 64.5 60.9 60.9 60.9 60.9 60.5 55.5 61.5
61.6 61.4 61.9 59.9 59.9 61.5 73.0 71.2 61.8 59.9 59.9 47.0 59.5 59.9 59.9 59.9 59.9 59.9 59.9 59.9 59.9 59.9 64.2 65.0 60.2 65.0 65.0 65.0 65.0 61.4 60.0 59.9 59.9 59.9 65.0 64.6 64.6 60.9 60.9 60.9 60.9 60.9 60.9 60.9 60.9 60.9 60.9 60.9 60.9 60.9 60.9 60.9 60.9 60.9 60.9 60.9 60.9 60.9 60.9 61.0 64.6 61.2 65.0 61.8 65.0 65.0 59.7 60.9 60.9 61.2 65.0 55.4 60.8 60.9
59.9 59.9 59.9 59.9 59.9 61.5 73.0 60.9 59.9 65.0 50.8 61.9 65.0 65.0 65.0 60.2 65.0 60.2 59.9 59.9 59.9 61.5 64.0 47.0 48.8 65.0 61.2 65.0 64.2 59.9 59.9 59.4 65.0 56.3 60.9 60.9 60.9 60.9 60.9 60.9 60.9 60.9 60.9 60.9 63.5 63.7 65.0 60.9 60.9 60.9 60.9 61.5 65.0 60.9 60.9 60.9 60.9 60.9 61.9 60.9 60.9 60.9 60.9 60.9 61.2 65.0 60.9 60.3 52.9 54.9 56.4 60.9 60.9 60.9
60.3 59.9 59.9 59.9 59.9 59.9 73.0 71.6 60.0 61.1 59.1 58.7 65.0 60.8 60.0 59.9 59.9 59.9 59.9 59.9 64.2 65.0 60.3 62.6 55.0 62.9 59.9 59.9 59.9 59.9 47.0 60.8 60.9 60.9 60.9 60.9 65.0 65.0 65.0 60.9 60.8 61.2 60.0 65.0 65.0 64.6 60.9 60.9 60.9 60.9 60.9 60.9 60.9 60.9 60.9 60.9 60.9 60.9 61.2 65.0 61.2 65.0 60.9 60.9 62.3 60.9 60.9 60.6 59.4 65.0 60.9 60.9 60.9 61.6
62.0 60.8 65.6 60.3 59.9 59.9 59.9 73.0 61.1 58.2 61.7 60.2 70.4 60.3 68.3 60.2 59.9 59.9 59.9 61.2 65.0 60.0 59.9 65.7 60.0 59.9 59.9 59.9 60.8 60.9 60.9 60.9 60.9 60.9 62.4 65.0 61.4 60.9 65.0 59.9 59.9 60.0 65.0 61.9 54.4 60.9 60.9 60.9 60.9 60.9 60.9 60.9 60.9 60.9 60.9 60.9 60.9 61.2 65.0 60.9 60.9 60.9 61.5 65.0 65.0 60.9 61.3 65.0 60.9 61.7 61.6 61.2 65.0 60.9
73.0 73.0 64.5 60.2 59.9 59.9 59.9 73.0 60.9 59.9 61.8 59.9 59.9 59.9 59.9 59.9 59.9 59.9 59.9 65.0 53.0 65.6 61.3 59.9 59.9 59.9 59.9 65.0 60.9 60.9 60.9 60.9 60.9 60.9 60.9 64.5 65.0 60.9 59.4 60.2 59.9 59.3 47.0 47.0 47.0 59.8 59.8 53.4 47.0 60.9 60.9 60.9 60.9 60.9 60.9 60.9 60.9 60.9 62.3 60.9 61.3 65.0 61.4 65.0 65.0 60.9 60.5 56.3 60.9 60.9 61.5 65.0 65.0 60.9
73.0 73.0 62.2 60.0 59.8 60.0 60.0 59.8 57.7 73.0 61.0 59.9 59.9 59.9 59.9 59.9 59.9 60.0 62.1 62.8 61.9 59.9 59.9 59.9 60.0 59.5 65.0 60.9 60.9 60.9 60.9 60.9 60.9 60.9 60.9 60.9 60.9 60.9 65.0 61.8 61.9 60.8 51.4 47.7 47.0 59.7 51.2 65.0 59.9 60.0 61.5 61.2 65.0 65.0 61.1 65.0 60.9 60.9 61.0 63.0 65.0 65.0 60.9 60.9 60.9 60.9 61.4 65.0 64.1 65.0 65.0 65.0 60.9 61.7
73.0 73.0 73.0 47.0 47.0 73.0 73.0 47.0 73.0 73.0 61.2 70.4 60.2 59.9 59.9 59.9 64.1 65.0 60.3 60.8 61.9 59.3 72.5 73.0 65.0 61.7 60.9 60.9 60.9 60.9 60.9 65.0 65.0 60.9 60.9 60.9 60.9 60.8 61.0 61.7 62.5 65.0 65.0 58.2 47.0 47.0 47.0 65.0 65.0 65.0 65.0 60.8 60.8 60.8 60.9 61.9 65.0 63.8 65.0 65.0 65.0 65.0 60.9 61.6 65.0 64.5 63.1 64.1 61.6 65.0 60.8 60.8 60.8 60.9
61.3 59.9 60.4 73.0 73.0 73.0 73.0 73.0 58.7 59.9 60.1 59.9 59.9 59.9 59.9 61.1 60.8 60.9 60.9 60.9 60.9 60.9 73.0 70.9 64.3 65.0 65.0 61.1 60.9 60.9 65.0 65.0 60.9 60.9 60.9 60.8 60.8 59.3 65.0 65.0 60.9 65.0 60.8 60.8 60.9 60.9 58.6 60.8 59.9 60.1 65.0 47.0 47.0 49.6 60.9 61.6 61.2 65.0 65.0 60.9 60.9 60.8 61.3 65.0 60.9 60.8 60.8 60.8 61.6 65.0 52.4 47.0 48.9 60.8
62.7 60.4 73.0 61.6 63.5 73.0 63.1 49.9 73.0 73.0 67.2 60.2 59.9 59.9 59.9 60.7 60.8 60.9 63.4 70.7 67.6 61.1 70.7 69.8 61.0 55.3 65.0 61.2 60.9 60.9 60.9 65.0 60.9 61.9 61.0 57.7 51.8 56.1 56.3 49.5 60.1 60.8 59.9 60.1 65.0 60.8 65.0 65.0 65.0 59.9 58.1 64.5 60.9 60.9 60.9 61.1 60.9 60.9 60.9 60.9 60.8 61.3 61.2 61.3 59.2 61.2 61.2 59.9 59.9 59.9 60.9 54.3 49.8 60.3
59.5 58.7 59.4 60.0 59.6 47.0 47.0 49.1 60.4 73.0 60.7 59.9 59.9 59.9 59.9 60.0 60.8 60.9 60.9 60.0 60.8 69.9 61.7 60.9 60.9 61.8 65.0 65.0 61.0 60.9 65.0 60.9 61.0 61.1 65.0 65.0 65.0 65.0 52.7 61.1 65.0 60.9 60.5 60.1 65.0 65.0 65.0 65.0 65.0 65.0 60.9 60.9 60.9 60.9 60.9 60.9 60.9 60.9 60.9 61.0 61.0 63.0 55.2 60.1 58.5 60.0 60.0 60.1 60.0 60.0 60.0 59.2 47.0 59.7
67.9 70.8 60.2 60.0 59.9 60.1 55.0 61.1 73.0 66.5 60.1 59.9 59.9 59.9 59.9 60.7 60.9 60.9 60.8 59.9 58.7 60.9 69.4 61.0 61.2 65.0 65.0 60.9 60.9 60.9 60.9 61.9 65.0 65.0 60.9 60.9 60.9 60.9 60.6 65.0 65.0 65.0 63.8 65.0 65.0 65.0 59.8 55.3 65.0 65.0 61.0 61.1 65.0 60.9 60.9 60.8 60.9 60.9 61.2 65.0 65.0 65.0 59.0 65.0 65.0 65.0 65.0 65.0 65.0 65.0 65.0 65.0 65.0 47.0
61.8 70.4 70.7 58.1 73.0 73.0 62.8 68.4 73.0 60.9 59.9 59.9 58.6 60.1 60.0 59.7 60.8 73.0 61.6 73.0 61.1 61.1 61.1 61.1 65.0 61.3 61.0 61.0 61.1 61.0 60.9 62.2 65.0 65.0 60.9 60.9 60.9 60.9 65.0 65.0 61.0 65.0 65.0 65.0 58.8 65.0 60.0 55.2 57.0 65.0 61.1 65.0 65.0 58.9 61.0 60.2 61.2 62.4 65.0 65.0 65.0 65.0 65.0 65.0 65.0 65.0 61.5 47.0 59.1 65.0 65.0 65.0 65.0 65.0
