docker_testcase/datasets_hmc/static_data/gridded/liguria/liguria.lat.txt
ncols          559
nrows          167
xllcorner       7.4952
yllcorner      43.7565
cellsize     0.005007
NODATA_value        -9999
[rows 32 to 63 of 167, columns 142 to 212 of 559]
44.4299 44.4299 44.4299 44.4299 44.4299 44.4299 44.4299 44.4299 44.4299 44.4299 44.4299 44.4299 44.4299 44.4299 44.4299 44.4299 44.4299 44.4299 44.4299 44.4299 44.4299 44.4299 44.4299 44.4299 44.4299 44.4299 44.4299 44.4299 44.4299 44.4299 44.4299 44.4299 44.4299 44.4299 44.4299 44.4299 44.4299 44.4299 44.4299 44.4299 44.4299 44.4299 44.4299 44.4299 44.4299 44.4299 44.4299 44.4299 44.4299 44.4299 44.4299 44.4299 44.4299 44.4299 44.4299 44.4299 44.4299 44.4299 44.4299 44.4299 44.4299 44.4299 44.4299 44.4299 44.4299 44.4299 44.4299 44.4299 44.4299 44.4299 44.4299
44.4249 44.4249 44.4249 44.4249 44.4249 44.4249 44.4249 44.4249 44.4249 44.4249 44.4249 44.4249 44.4249 44.4249 44.4249 44.4249 44.4249 44.4249 44.4249 44.4249 44.4249 44.4249 44.4249 44.4249 44.4249 44.4249 44.4249 44.4249 44.4249 44.4249 44.4249 44.4249 44.4249 44.4249 44.4249 44.4249 44.4249 44.4249 44.4249 44.4249 44.4249 44.4249 44.4249 44.4249 44.4249 44.4249 44.4249 44.4249 44.4249 44.4249 44.4249 44.4249 44.4249 44.4249 44.4249 44.4249 44.4249 44.4249 44.4249 44.4249 44.4249 44.4249 44.4249 44.4249 44.4249 44.4249 44.4249 44.4249 44.4249 44.4249 44.4249
44.4199 44.4199 44.4199 44.4199 44.4199 44.4199 44.4199 44.4199 44.4199 44.4199 44.4199 44.4199 44.4199 44.4199 44.4199 44.4199 44.4199 44.4199 44.4199 44.4199 44.4199 44.4199 44.4199 44.4199 44.4199 44.4199 44.4199 44.4199 44.4199 44.4199 44.4199 44.4199 44.4199 44.4199 44.4199 44.4199 44.4199 44.4199 44.4199 44.4199 44.4199 44.4199 44.4199 44.4199 44.4199 44.4199 44.4199 44.4199 44.4199 44.4199 44.4199 44.4199 44.4199 44.4199 44.4199 44.4199 44.4199 44.4199 44.4199 44.4199 44.4199 44.4199 44.4199 44.4199 44.4199 44.4199 44.4199 44.4199 44.4199 44.4199 44.4199
44.4149 44.4149 44.4149 44.4149 44.4149 44.4149 44.4149 44.4149 44.4149 44.4149 44.4149 44.4149 44.4149 44.4149 44.4149 44.4149 44.4149 44.4149 44.4149 44.4149 44.4149 44.4149 44.4149 44.4149 44.4149 44.4149 44.4149 44.4149 44.4149 44.4149 44.4149 44.4149 44.4149 44.4149 44.4149 44.4149 44.4149 44.4149 44.4149 44.4149 44.4149 44.4149 44.4149 44.4149 44.4149 44.4149 44.4149 44.4149 44.4149 44.4149 44.4149 44.4149 44.4149 44.4149 44.4149 44.4149 44.4149 44.4149 44.4149 44.4149 44.4149 44.4149 44.4149 44.4149 44.4149 44.4149 44.4149 44.4149 44.4149 44.4149 44.4149
44.4099 44.4099 44.4099 44.4099 44.4099 44.4099 44.4099 44.4099 44.4099 44.4099 44.4099 44.4099 44.4099 44.4099 44.4099 44.4099 44.4099 44.4099 44.4099 44.4099 44.4099 44.4099 44.4099 44.4099 44.4099 44.4099 44.4099 44.4099 44.4099 44.4099 44.4099 44.4099 44.4099 44.4099 44.4099 44.4099 44.4099 44.4099 44.4099 44.4099 44.4099 44.4099 44.4099 44.4099 44.4099 44.4099 44.4099 44.4099 44.4099 44.4099 44.4099 44.4099 44.4099 44.4099 44.4099 44.4099 44.4099 44.4099 44.4099 44.4099 44.4099 44.4099 44.4099 44.4099 44.4099 44.4099 44.4099 44.4099 44.4099 44.4099 44.4099
44.4049 44.4049 44.4049 44.4049 44.4049 44.4049 44.4049 44.4049 44.4049 44.4049 44.4049 44.4049 44.4049 44.4049 44.4049 44.4049 44.4049 44.4049 44.4049 44.4049 44.4049 44.4049 44.4049 44.4049 44.4049 44.4049 44.4049 44.4049 44.4049 44.4049 44.4049 44.4049 44.4049 44.4049 44.4049 44.4049 44.4049 44.4049 44.4049 44.4049 44.4049 44.4049 44.4049 44.4049 44.4049 44.4049 44.4049 44.4049 44.4049 44.4049 44.4049 44.4049 44.4049 44.4049 44.4049 44.4049 44.4049 44.4049 44.4049 44.4049 44.4049 44.4049 44.4049 44.4049 44.4049 44.4049 44.4049 44.4049 44.4049 44.4049 44.4049
44.3999 44.3999 44.3999 44.3999 44.3999 44.3999 44.3999 44.3999 44.3999 44.3999 44.3999 44.3999 44.3999 44.3999 44.3999 44.3999 44.3999 44.3999 44.3999 44.3999 44.3999 44.3999 44.3999 44.3999 44.3999 44.3999 44.3999 44.3999 44.3999 44.3999 44.3999 44.3999 44.3999 44.3999 44.3999 44.3999 44.3999 44.3999 44.3999 44.3999 44.3999 44.3999 44.3999 44.3999 44.3999 44.3999 44.3999 44.3999 44.3999 44.3999 44.3999 44.3999 44.3999 44.3999 44.3999 44.3999 44.3999 44.3999 44.3999 44.3999 44.3999 44.3999 44.3999 44.3999 44.3999 44.3999 44.3999 44.3999 44.3999 44.3999 44.3999
44.3949 44.3949 44.3949 44.3949 44.3949 44.3949 44.3949 44.3949 44.3949 44.3949 44.3949 44.3949 44.3949 44.3949 44.3949 44.3949 44.3949 44.3949 44.3949 44.3949 44.3949 44.3949 44.3949 44.3949 44.3949 44.3949 44.3949 44.3949 44.3949 44.3949 44.3949 44.3949 44.3949 44.3949 44.3949 44.3949 44.3949 44.3949 44.3949 44.3949 44.3949 44.3949 44.3949 44.3949 44.3949 44.3949 44.3949 44.3949 44.3949 44.3949 44.3949 44.3949 44.3949 44.3949 44.3949 44.3949 44.3949 44.3949 44.3949 44.3949 44.3949 44.3949 44.3949 44.3949 44.3949 44.3949 44.3949 44.3949 44.3949 44.3949 44.3949
44.3899 44.3899 44.3899 44.3899 44.3899 44.3899 44.3899 44.3899 44.3899 44.3899 44.3899 44.3899 44.3899 44.3899 44.3899 44.3899 44.3899 44.3899 44.3899 44.3899 44.3899 44.3899 44.3899 44.3899 44.3899 44.3899 44.3899 44.3899 44.3899 44.3899 44.3899 44.3899 44.3899 44.3899 44.3899 44.3899 44.3899 44.3899 44.3899 44.3899 44.3899 44.3899 44.3899 44.3899 44.3899 44.3899 44.3899 44.3899 44.3899 44.3899 44.3899 44.3899 44.3899 44.3899 44.3899 44.3899 44.3899 44.3899 44.3899 44.3899 44.3899 44.3899 44.3899 44.3899 44.3899 44.3899 44.3899 44.3899 44.3899 44.3899 44.3899
44.3849 44.3849 44.3849 44.3849 44.3849 44.3849 44.3849 44.3849 44.3849 44.3849 44.3849 44.3849 44.3849 44.3849 44.3849 44.3849 44.3849 44.3849 44.3849 44.3849 44.3849 44.3849 44.3849 44.3849 44.3849 44.3849 44.3849 44.3849 44.3849 44.3849 44.3849 44.3849 44.3849 44.3849 44.3849 44.3849 44.3849 44.3849 44.3849 44.3849 44.3849 44.3849 44.3849 44.3849 44.3849 44.3849 44.3849 44.3849 44.3849 44.3849 44.3849 44.3849 44.3849 44.3849 44.3849 44.3849 44.3849 44.3849 44.3849 44.3849 44.3849 44.3849 44.3849 44.3849 44.3849 44.3849 44.3849 44.3849 44.3849 44.3849 44.3849
44.3799 44.3799 44.3799 44.3799 44.3799 44.3799 44.3799 44.3799 44.3799 44.3799 44.3799 44.3799 44.3799 44.3799 44.3799 44.3799 44.3799 44.3799 44.3799 44.3799 44.3799 44.3799 44.3799 44.3799 44.3799 44.3799 44.3799 44.3799 44.3799 44.3799 44.3799 44.3799 44.3799 44.3799 44.3799 44.3799 44.3799 44.3799 44.3799 44.3799 44.3799 44.3799 44.3799 44.3799 44.3799 44.3799 44.3799 44.3799 44.3799 44.3799 44.3799 44.3799 44.3799 44.3799 44.3799 44.3799 44.3799 44.3799 44.3799 44.3799 44.3799 44.3799 44.3799 44.3799 44.3799 44.3799 44.3799 44.3799 44.3799 44.3799 44.3799
44.3749 44.3749 44.3749 44.3749 44.3749 44.3749 44.3749 44.3749 44.3749 44.3749 44.3749 44.3749 44.3749 44.3749 44.3749 44.3749 44.3749 44.3749 44.3749 44.3749 44.3749 44.3749 44.3749 44.3749 44.3749 44.3749 44.3749 44.3749 44.3749 44.3749 44.3749 44.3749 44.3749 44.3749 44.3749 44.3749 44.3749 44.3749 44.3749 44.3749 44.3749 44.3749 44.3749 44.3749 44.3749 44.3749 44.3749 44.3749 44.3749 44.3749 44.3749 44.3749 44.3749 44.3749 44.3749 44.3749 44.3749 44.3749 44.3749 44.3749 44.3749 44.3749 44.3749 44.3749 44.3749 44.3749 44.3749 44.3749 44.3749 44.3749 44.3749
44.3699 44.3699 44.3699 44.3699 44.3699 44.3699 44.3699 44.3699 44.3699 44.3699 44.3699 44.3699 44.3699 44.3699 44.3699 44.3699 44.3699 44.3699 44.3699 44.3699 44.3699 44.3699 44.3699 44.3699 44.3699 44.3699 44.3699 44.3699 44.3699 44.3699 44.3699 44.3699 44.3699 44.3699 44.3699 44.3699 44.3699 44.3699 44.3699 44.3699 44.3699 44.3699 44.3699 44.3699 44.3699 44.3699 44.3699 44.3699 44.3699 44.3699 44.3699 44.3699 44.3699 44.3699 44.3699 44.3699 44.3699 44.3699 44.3699 44.3699 44.3699 44.3699 44.3699 44.3699 44.3699 44.3699 44.3699 44.3699 44.3699 44.3699 44.3699
44.3649 44.3649 44.3649 44.3649 44.3649 44.3649 44.3649 44.3649 44.3649 44.3649 44.3649 44.3649 44.3649 44.3649 44.3649 44.3649 44.3649 44.3649 44.3649 44.3649 44.3649 44.3649 44.3649 44.3649 44.3649 44.3649 44.3649 44.3649 44.3649 44.3649 44.3649 44.3649 44.3649 44.3649 44.3649 44.3649 44.3649 44.3649 44.3649 44.3649 44.3649 44.3649 44.3649 44.3649 44.3649 44.3649 44.3649 44.3649 44.3649 44.3649 44.3649 44.3649 44.3649 44.3649 44.3649 44.3649 44.3649 44.3649 44.3649 44.3649 44.3649 44.3649 44.3649 44.3649 44.3649 44.3649 44.3649 44.3649 44.3649 44.3649 44.3649
44.3598 44.3598 44.3598 44.3598 44.3598 44.3598 44.3598 44.3598 44.3598 44.3598 44.3598 44.3598 44.3598 44.3598 44.3598 44.3598 44.3598 44.3598 44.3598 44.3598 44.3598 44.3598 44.3598 44.3598 44.3598 44.3598 44.3598 44.3598 44.3598 44.3598 44.3598 44.3598 44.3598 44.3598 44.3598 44.3598 44.3598 44.3598 44.3598 44.3598 44.3598 44.3598 44.3598 44.3598 44.3598 44.3598 44.3598 44.3598 44.3598 44.3598 44.3598 44.3598 44.3598 44.3598 44.3598 44.3598 44.3598 44.3598 44.3598 44.3598 44.3598 44.3598 44.3598 44.3598 44.3598 44.3598 44.3598 44.3598 44.3598 44.3598 -9999
44.3548 44.3548 44.3548 44.3548 44.3548 44.3548 44.3548 44.3548 44.3548 44.3548 44.3548 44.3548 44.3548 44.3548 44.3548 44.3548 44.3548 44.3548 44.3548 44.3548 44.3548 44.3548 44.3548 44.3548 44.3548 44.3548 44.3548 44.3548 44.3548 44.3548 44.3548 44.3548 44.3548 44.3548 44.3548 44.3548 44.3548 44.3548 44.3548 44.3548 44.3548 44.3548 44.3548 44.3548 44.3548 44.3548 44.3548 44.3548 44.3548 44.3548 44.3548 44.3548 44.3548 44.3548 44.3548 44.3548 44.3548 44.3548 44.3548 44.3548 44.3548 44.3548 44.3548 44.3548 44.3548 44.3548 44.3548 44.3548 44.3548 44.3548 -9999
44.3498 44.3498 44.3498 44.3498 44.3498 44.3498 44.3498 44.3498 44.3498 44.3498 44.3498 44.3498 44.3498 44.3498 44.3498 44.3498 44.3498 44.3498 44.3498 44.3498 44.3498 44.3498 44.3498 44.3498 44.3498 44.3498 44.3498 44.3498 44.3498 44.3498 44.3498 44.3498 44.3498 44.3498 44.3498 44.3498 44.3498 44.3498 44.3498 44.3498 44.3498 44.3498 44.3498 44.3498 44.3498 44.3498 44.3498 44.3498 44.3498 44.3498 44.3498 44.3498 44.3498 44.3498 44.3498 44.3498 44.3498 44.3498 44.3498 44.3498 44.3498 44.3498 44.3498 44.3498 44.3498 44.3498 44.3498 44.3498 -9999 -9999 -9999
44.3448 44.3448 44.3448 44.3448 44.3448 44.3448 44.3448 44.3448 44.3448 44.3448 44.3448 44.3448 44.3448 44.3448 44.3448 44.3448 44.3448 44.3448 44.3448 44.3448 44.3448 44.3448 44.3448 44.3448 44.3448 44.3448 44.3448 44.3448 44.3448 44.3448 44.3448 44.3448 44.3448 44.3448 44.3448 44.3448 44.3448 44.3448 44.3448 44.3448 44.3448 44.3448 44.3448 44.3448 44.3448 44.3448 44.3448 44.3448 44.3448 44.3448 44.3448 44.3448 44.3448 44.3448 44.3448 44.3448 44.3448 44.3448 44.3448 44.3448 44.3448 44.3448 44.3448 44.3448 44.3448 44.3448 -9999 -9999 -9999 -9999 -9999
44.3398 44.3398 44.3398 44.3398 44.3398 44.3398 44.3398 44.3398 44.3398 44.3398 44.3398 44.3398 44.3398 44.3398 44.3398 44.3398 44.3398 44.3398 44.3398 44.3398 44.3398 44.3398 44.3398 44.3398 44.3398 44.3398 44.3398 44.3398 44.3398 44.3398 44.3398 44.3398 44.3398 44.3398 44.3398 44.3398 44.3398 44.3398 44.3398 44.3398 44.3398 44.3398 44.3398 44.3398 44.3398 44.3398 44.3398 44.3398 44.3398 44.3398 44.3398 44.3398 44.3398 44.3398 44.3398 44.3398 44.3398 44.3398 44.3398 44.3398 44.3398 44.3398 44.3398 44.3398 44.3398 -9999 -9999 -9999 -9999 -9999 -9999
44.3348 44.3348 44.3348 44.3348 44.3348 44.3348 44.3348 44.3348 44.3348 44.3348 44.3348 44.3348 44.3348 44.3348 44.3348 44.3348 44.3348 44.3348 44.3348 44.3348 44.3348 44.3348 44.3348 44.3348 44.3348 44.3348 44.3348 44.3348 44.3348 44.3348 44.3348 44.3348 44.3348 44.3348 44.3348 44.3348 44.3348 44.3348 44.3348 44.3348 44.3348 44.3348 44.3348 44.3348 44.3348 44.3348 44.3348 44.3348 44.3348 44.3348 44.3348 44.3348 44.3348 44.3348 44.3348 44.3348 44.3348 44.3348 44.3348 -9999 -9999 -9999 -9999 -9999 -9999 -9999 -9999 -9999 -9999 -9999 -9999
44.3298 44.3298 44.3298 44.3298 44.3298 44.3298 44.3298 44.3298 44.3298 44.3298 44.3298 44.3298 44.3298 44.3298 44.3298 44.3298 44.3298 44.3298 44.3298 44.3298 44.3298 44.3298 44.3298 44.3298 44.3298 44.3298 44.3298 44.3298 44.3298 44.3298 44.3298 44.3298 44.3298 44.3298 44.3298 44.3298 44.3298 44.3298 44.3298 44.3298 44.3298 44.3298 44.3298 44.3298 44.3298 44.3298 44.3298 44.3298 44.3298 44.3298 44.3298 44.3298 44.3298 44.3298 44.3298 44.3298 44.3298 -9999 -9999 -9999 -9999 -9999 -9999 -9999 -9999 -9999 -9999 -9999 -9999 -9999 -9999
44.3248 44.3248 44.3248 44.3248 44.3248 44.3248 44.3248 44.3248 44.3248 44.3248 44.3248 44.3248 44.3248 44.3248 44.3248 44.3248 44.3248 44.3248 44.3248 44.3248 44.3248 44.3248 44.3248 44.3248 44.3248 44.3248 44.3248 44.3248 44.3248 44.3248 44.3248 44.3248 44.3248 44.3248 44.3248 44.3248 44.3248 44.3248 44.3248 44.3248 44.3248 44.3248 44.3248 44.3248 44.3248 44.3248 44.3248 44.3248 44.3248 44.3248 44.3248 44.3248 44.3248 44.3248 44.3248 44.3248 -9999 -9999 -9999 -9999 -9999 -9999 -9999 -9999 -9999 -9999 -9999 -9999 -9999 -9999 -9999
44.3198 44.3198 44.3198 44.3198 44.3198 44.3198 44.3198 44.3198 44.3198 44.3198 44.3198 44.3198 44.3198 44.3198 44.3198 44.3198 44.3198 44.3198 44.3198 44.3198 44.3198 44.3198 44.3198 44.3198 44.3198 44.3198 44.3198 44.3198 44.3198 44.3198 44.3198 44.3198 44.3198 44.3198 44.3198 44.3198 44.3198 44.3198 44.3198 44.3198 44.3198 44.3198 44.3198 44.3198 44.3198 44.3198 44.3198 44.3198 44.3198 44.3198 44.3198 44.3198 44.3198 44.3198 44.3198 -9999 -9999 -9999 -9999 -9999 -9999 -9999 -9999 -9999 -9999 -9999 -9999 -9999 -9999 -9999 -9999
44.3148 44.3148 44.3148 44.3148 44.3148 44.3148 44.3148 44.3148 44.3148 44.3148 44.3148 44.3148 44.3148 44.3148 44.3148 44.3148 44.3148 44.3148 44.3148 44.3148 44.3148 44.3148 44.3148 44.3148 44.3148 44.3148 44.3148 44.3148 44.3148 44.3148 44.3148 44.3148 44.3148 44.3148 44.3148 44.3148 44.3148 44.3148 44.3148 44.3148 44.3148 44.3148 44.3148 44.3148 44.3148 44.3148 44.3148 44.3148 44.3148 44.3148 44.3148 44.3148 44.3148 44.3148 -9999 -9999 -9999 -9999 -9999 -9999 -9999 -9999 -9999 -9999 -9999 -9999 -9999 -9999 -9999 -9999 -9999
44.3098 44.3098 44.3098 44.3098 44.3098 44.3098 44.3098 44.3098 44.3098 44.3098 44.3098 44.3098 44.3098 44.3098 44.3098 44.3098 44.3098 44.3098 44.3098 44.3098 44.3098 44.3098 44.3098 44.3098 44.3098 44.3098 44.3098 44.3098 44.3098 44.3098 44.3098 44.3098 44.3098 44.3098 44.3098 44.3098 44.3098 44.3098 44.3098 44.3098 44.3098 44.3098 44.3098 44.3098 44.3098 44.3098 44.3098 44.3098 44.3098 44.3098 44.3098 44.3098 44.3098 44.3098 -9999 -9999 -9999 -9999 -9999 -9999 -9999 -9999 -9999 -9999 -9999 -9999 -9999 -9999 -9999 -9999 -9999
44.3048 44.3048 44.3048 44.3048 44.3048 44.3048 44.3048 44.3048 44.3048 44.3048 44.3048 44.3048 44.3048 44.3048 44.3048 44.3048 44.3048 44.3048 44.3048 44.3048 44.3048 44.3048 44.3048 44.3048 44.3048 44.3048 44.3048 44.3048 44.3048 44.3048 44.3048 44.3048 44.3048 44.3048 44.3048 44.3048 44.3048 44.3048 44.3048 44.3048 44.3048 44.3048 44.3048 44.3048 44.3048 44.3048 44.3048 44.3048 44.3048 44.3048 44.3048 -9999 -9999 -9999 -9999 -9999 -9999 -9999 -9999 -9999 -9999 -9999 -9999 -9999 -9999 -9999 -9999 -9999 -9999 -9999 -9999
44.2998 44.2998 44.2998 44.2998 44.2998 44.2998 44.2998 44.2998 44.2998 44.2998 44.2998 44.2998 44.2998 44.2998 44.2998 44.2998 44.2998 44.2998 44.2998 44.2998 44.2998 44.2998 44.2998 44.2998 44.2998 44.2998 44.2998 44.2998 44.2998 44.2998 44.2998 44.2998 44.2998 44.2998 44.2998 44.2998 44.2998 44.2998 44.2998 44.2998 44.2998 44.2998 44.2998 44.2998 44.2998 44.2998 44.2998 44.2998 44.2998 -9999 -9999 -9999 -9999 -9999 -9999 -9999 -9999 -9999 -9999 -9999 -9999 -9999 -9999 -9999 -9999 -9999 -9999 -9999 -9999 -9999 -9999
44.2948 44.2948 44.2948 44.2948 44.2948 44.2948 44.2948 44.2948 44.2948 44.2948 44.2948 44.2948 44.2948 44.2948 44.2948 44.2948 44.2948 44.2948 44.2948 44.2948 44.2948 44.2948 44.2948 44.2948 44.2948 44.2948 44.2948 44.2948 44.2948 44.2948 44.2948 44.2948 44.2948 44.2948 44.2948 44.2948 44.2948 44.2948 44.2948 44.2948 44.2948 44.2948 44.2948 44.2948 44.2948 44.2948 44.2948 44.2948 -9999 -9999 -9999 -9999 -9999 -9999 -9999 -9999 -9999 -9999 -9999 -9999 -9999 -9999 -9999 -9999 -9999 -9999 -9999 -9999 -9999 -9999 -9999
44.2897 44.2897 44.2897 44.2897 44.2897 44.2897 44.2897 44.2897 44.2897 44.2897 44.2897 44.2897 44.2897 44.2897 44.2897 44.2897 44.2897 44.2897 44.2897 44.2897 44.2897 44.2897 44.2897 44.2897 44.2897 44.2897 44.2897 44.2897 44.2897 44.2897 44.2897 44.2897 44.2897 44.2897 44.2897 44.2897 44.2897 44.2897 44.2897 44.2897 44.2897 44.2897 44.2897 44.2897 44.2897 44.2897 -9999 -9999 -9999 -9999 -9999 -9999 -9999 -9999 -9999 -9999 -9999 -9999 -9999 -9999 -9999 -9999 -9999 -9999 -9999 -9999 -9999 -9999 -9999 -9999 -9999
44.2847 44.2847 44.2847 44.2847 44.2847 44.2847 44.2847 44.2847 44.2847 44.2847 44.2847 44.2847 44.2847 44.2847 44.2847 44.2847 44.2847 44.2847 44.2847 44.2847 44.2847 44.2847 44.2847 44.2847 44.2847 44.2847 44.2847 44.2847 44.2847 44.2847 44.2847 44.2847 44.2847 44.2847 44.2847 44.2847 44.2847 44.2847 44.2847 44.2847 44.2847 44.2847 44.2847 44.2847 44.2847 44.2847 -9999 -9999 -9999 -9999 -9999 -9999 -9999 -9999 -9999 -9999 -9999 -9999 -9999 -9999 -9999 -9999 -9999 -9999 -9999 -9999 -9999 -9999 -9999 -9999 -9999
44.2797 44.2797 44.2797 44.2797 44.2797 44.2797 44.2797 44.2797 44.2797 44.2797 44.2797 44.2797 44.2797 44.2797 44.2797 44.2797 44.2797 44.2797 44.2797 44.2797 44.2797 44.2797 44.2797 44.2797 44.2797 44.2797 44.2797 44.2797 44.2797 44.2797 44.2797 44.2797 44.2797 44.2797 44.2797 44.2797 44.2797 44.2797 44.2797 44.2797 44.2797 44.2797 44.2797 44.2797 44.2797 -9999 -9999 -9999 -9999 -9999 -9999 -9999 -9999 -9999 -9999 -9999 -9999 -9999 -9999 -9999 -9999 -9999 -9999 -9999 -9999 -9999 -9999 -9999 -9999 -9999 -9999
44.2747 44.2747 44.2747 44.2747 44.2747 44.2747 44.2747 44.2747 44.2747 44.2747 44.2747 44.2747 44.2747 44.2747 44.2747 44.2747 44.2747 44.2747 44.2747 44.2747 44.2747 44.2747 44.2747 44.2747 44.2747 44.2747 44.2747 44.2747 44.2747 44.2747 44.2747 44.2747 44.2747 44.2747 44.2747 44.2747 44.2747 44.2747 44.2747 44.2747 44.2747 44.2747 44.2747 44.2747 44.2747 -9999 -9999 -9999 -9999 -9999 -9999 -9999 -9999 -9999 -9999 -9999 -9999 -9999 -9999 -9999 -9999 -9999 -9999 -9999 -9999 -9999 -9999 -9999 -9999 -9999 -9999
