docker_testcase/datasets_hmc/static_data/gridded/liguria/liguria.alpha.txt
ncols	         559
nrows	         167
xllcorner	   7.49520000000000     
yllcorner	   43.7565000000000     
cellsize    5.007000000000000E-003
NODATA_value  -9999
[rows 125 to 149 of 167, columns 0 to 56 of 559]
-9999.000000 -9999.000000 -9999.000000 -9999.000000 -9999.000000 -9999.000000 -9999.000000 -9999.000000 -9999.000000 -9999.000000 -9999.000000 -9999.000000 -9999.000000 -9999.000000 -9999.000000 -9999.000000 -9999.000000 -9999.000000 -9999.000000 -9999.000000 -9999.000000 -9999.000000 -9999.000000 -9999.000000 -9999.000000 -9999.000000 -9999.000000 -9999.000000 -9999.000000 0.000465 0.000465 0.000465 0.000465 0.342186 0.349136 0.229690 0.163365 0.170150 0.197950 0.456015 0.364165 0.410414 0.133905 0.336196 0.219544 0.275459 0.272258 0.266964 0.295433 0.281585 0.344751 0.345927 0.379635 0.309553 0.191827 0.171133 0.147394
-9999.000000 -9999.000000 -9999.000000 -9999.000000 -9999.000000 -9999.000000 -9999.000000 -9999.000000 -9999.000000 -9999.000000 -9999.000000 -9999.000000 -9999.000000 -9999.000000 -9999.000000 -9999.000000 -9999.000000 -9999.000000 -9999.000000 -9999.000000 -9999.000000 -9999.000000 -9999.000000 -9999.000000 -9999.000000 -9999.000000 -9999.000000 -9999.000000 0.000465 0.000465 0.249446 0.316931 0.361485 0.319455 0.227402 0.211460 0.359495 0.099100 0.201366 0.418208 0.352892 0.244951 0.193021 0.346703 0.218953 0.211065 0.258244 0.261928 0.218938 0.229167 0.242254 0.311426 0.240501 0.243841 0.253420 0.257852 0.265694
-9999.000000 -9999.000000 -9999.000000 -9999.000000 -9999.000000 -9999.000000 -9999.000000 -9999.000000 -9999.000000 -9999.000000 -9999.000000 -9999.000000 -9999.000000 -9999.000000 -9999.000000 -9999.000000 -9999.000000 -9999.000000 -9999.000000 -9999.000000 -9999.000000 -9999.000000 -9999.000000 -9999.000000 -9999.000000 0.000465 0.000465 0.000465 0.000465 0.247311 0.227691 0.318249 0.275077 0.296189 0.360972 0.333727 0.326886 0.050164 0.000465 0.133858 0.200495 0.382820 0.408898 0.460336 0.116210 0.095392 0.109292 0.141964 0.283667 0.218953 0.253904 0.370274 0.435278 0.243841 0.270943 0.306185 0.342114
-9999.000000 -9999.000000 -9999.000000 -9999.000000 -9999.000000 -9999.000000 -9999.000000 -9999.000000 -9999.000000 -9999.000000 -9999.000000 -9999.000000 -9999.000000 -9999.000000 -9999.000000 -9999.000000 -9999.000000 -9999.000000 -9999.000000 0.000465 0.000465 0.000465 0.000465 0.000465 0.000465 0.000465 0.245368 0.211065 0.175677 0.146262 0.351870 0.357002 0.277563 0.260837 0.330717 0.317195 0.405016 0.072431 0.076298 0.415960 0.388850 0.476783 0.387256 0.043628 0.054499 0.379615 0.411847 0.340168 0.312307 0.307139 0.376480 0.380139 0.396036 0.337411 0.449667 0.475314 0.524315
-9999.000000 -9999.000000 -9999.000000 -9999.000000 -9999.000000 -9999.000000 -9999.000000 -9999.000000 -9999.000000 -9999.000000 -9999.000000 -9999.000000 -9999.000000 -9999.000000 -9999.000000 -9999.000000 -9999.000000 -9999.000000 0.000465 0.000465 0.143639 0.048928 0.117646 0.341654 0.223249 0.257964 0.203547 0.236404 0.239916 0.128950 0.121711 0.421651 0.194639 0.266964 0.284429 0.365695 0.336717 0.083027 0.239857 0.432093 0.128828 0.076551 0.050866 0.049478 0.320572 0.252363 0.147045 0.130143 0.140231 0.190458 0.217518 0.349136 0.332435 0.433796 0.418723 0.367797 0.337779
-9999.000000 -9999.000000 -9999.000000 -9999.000000 -9999.000000 -9999.000000 -9999.000000 -9999.000000 -9999.000000 -9999.000000 -9999.000000 -9999.000000 -9999.000000 -9999.000000 -9999.000000 -9999.000000 0.000465 0.000465 0.000465 0.073832 0.285190 0.242199 0.364803 0.430342 0.428168 0.466783 0.360943 0.299154 0.324956 0.318381 0.307802 0.137636 0.104185 0.472533 0.349865 0.396257 0.125576 0.056206 0.062003 0.088646 0.078008 0.070382 0.093733 0.040340 0.086985 0.130528 0.243228 0.149900 0.145785 0.324956 0.452199 0.414175 0.354820 0.405079 0.300907 0.486196 0.384241
-9999.000000 -9999.000000 -9999.000000 -9999.000000 -9999.000000 -9999.000000 -9999.000000 -9999.000000 -9999.000000 -9999.000000 -9999.000000 -9999.000000 -9999.000000 -9999.000000 -9999.000000 -9999.000000 0.000465 0.168587 0.038322 0.401346 0.203294 0.246339 0.374257 0.216092 0.226994 0.151213 0.346945 0.426285 0.353535 0.369385 0.273928 0.088369 0.083204 0.094213 0.039146 0.037541 0.004182 0.230538 0.197542 0.171240 0.343986 0.455849 0.463317 0.446814 0.384419 0.329410 0.325349 0.351605 0.409024 0.424292 0.311801 0.415614 0.442436 0.365276 0.237115 0.339617 0.385419
-9999.000000 -9999.000000 -9999.000000 -9999.000000 -9999.000000 -9999.000000 -9999.000000 -9999.000000 -9999.000000 -9999.000000 -9999.000000 -9999.000000 -9999.000000 -9999.000000 -9999.000000 -9999.000000 0.000465 0.047897 0.000465 0.314419 0.099055 0.292470 0.268459 0.324104 0.332066 0.240306 0.139916 0.118842 0.137342 0.221511 0.062535 0.166623 0.317778 0.297700 0.113151 0.113151 0.284048 0.423564 0.489099 0.318338 0.265468 0.365456 0.332024 0.355869 0.397136 0.315353 0.291646 0.364420 0.450188 0.338798 0.363910 0.334096 0.491832 0.509324 0.366077 0.270853 0.229354
-9999.000000 -9999.000000 -9999.000000 -9999.000000 -9999.000000 -9999.000000 -9999.000000 -9999.000000 -9999.000000 -9999.000000 -9999.000000 -9999.000000 -9999.000000 -9999.000000 -9999.000000 -9999.000000 0.000465 0.215998 0.158347 0.384951 0.364165 0.447817 0.356414 0.328183 0.326398 0.349027 0.281045 0.276798 0.200771 0.083683 0.058210 0.409372 0.403721 0.419240 0.432264 0.428338 0.233669 0.230324 0.401521 0.361123 0.339984 0.346579 0.319083 0.334894 0.350412 0.325403 0.146464 0.205396 0.370492 0.403968 0.224851 0.151194 0.176451 0.384241 0.418086 0.161198 0.389734
-9999.000000 -9999.000000 -9999.000000 -9999.000000 -9999.000000 -9999.000000 -9999.000000 -9999.000000 -9999.000000 -9999.000000 -9999.000000 -9999.000000 -9999.000000 -9999.000000 -9999.000000 -9999.000000 0.000465 0.088181 0.314419 0.356958 0.423806 0.235027 0.198215 0.296756 0.250028 0.354235 0.420962 0.383033 0.283606 0.267982 0.064477 0.282143 0.412324 0.403445 0.310677 0.271053 0.241373 0.326516 0.201762 0.303355 0.316099 0.350412 0.317965 0.396960 0.202555 0.179074 0.151489 0.106154 0.083266 0.331327 0.234451 0.178453 0.120813 0.119465 0.141670 0.171070 0.136190
-9999.000000 -9999.000000 -9999.000000 -9999.000000 -9999.000000 -9999.000000 -9999.000000 -9999.000000 -9999.000000 -9999.000000 -9999.000000 -9999.000000 -9999.000000 -9999.000000 -9999.000000 0.000465 0.000465 0.123128 0.442774 0.492393 0.424914 0.340535 0.299821 0.182596 0.202173 0.199227 0.193618 0.332250 0.302414 0.295054 0.031286 0.034536 0.041048 0.020111 0.016880 0.056293 0.062818 0.074143 0.044919 0.044506 0.029191 0.032730 0.054614 0.075605 0.122420 0.142092 0.143430 0.191628 0.224222 0.354178 0.512468 0.375330 0.440748 0.379794 0.284817 0.207704 0.099233
-9999.000000 -9999.000000 -9999.000000 -9999.000000 -9999.000000 -9999.000000 -9999.000000 -9999.000000 -9999.000000 -9999.000000 -9999.000000 -9999.000000 -9999.000000 -9999.000000 -9999.000000 0.000465 0.134919 0.154679 0.456093 0.437362 0.253883 0.356232 0.329663 0.164269 0.236990 0.339617 0.020658 0.139582 0.297018 0.353507 0.028845 0.032501 0.306739 0.243033 0.341452 0.333727 0.296189 0.393793 0.349318 0.294865 0.298644 0.291457 0.218953 0.182852 0.146643 0.233368 0.326005 0.350316 0.378010 0.364930 0.290129 0.359314 0.354416 0.340616 0.201366 0.324037 0.321409
-9999.000000 -9999.000000 -9999.000000 -9999.000000 -9999.000000 -9999.000000 -9999.000000 -9999.000000 -9999.000000 -9999.000000 -9999.000000 -9999.000000 -9999.000000 -9999.000000 -9999.000000 0.000465 0.118367 0.148935 0.508693 0.419915 0.348898 0.186587 0.145392 0.205923 0.306551 0.314422 0.308991 0.146421 0.109095 0.239721 0.011759 0.191628 0.155068 0.010124 0.022930 0.021002 0.144239 0.120081 0.010537 0.044599 0.084099 0.110090 0.216393 0.317778 0.346397 0.278211 0.246051 0.194414 0.361123 0.338278 0.227991 0.339617 0.268558 0.427825 0.458677 0.405540 0.366897
-9999.000000 -9999.000000 -9999.000000 -9999.000000 -9999.000000 -9999.000000 -9999.000000 -9999.000000 -9999.000000 -9999.000000 -9999.000000 -9999.000000 -9999.000000 -9999.000000 -9999.000000 0.000465 0.345848 0.134240 0.130598 0.319455 0.283202 0.137819 0.148486 0.322990 0.345665 0.283606 0.317986 0.253184 0.323733 0.041244 0.009586 0.127406 0.172444 0.199227 0.351870 0.294865 0.073832 0.120815 0.048619 0.170290 0.235165 0.224459 0.325218 0.323918 0.096706 0.257578 0.284619 0.115598 0.128151 0.235303 0.183739 0.238356 0.350412 0.319828 0.192623 0.271851 0.402221
-9999.000000 -9999.000000 -9999.000000 -9999.000000 -9999.000000 -9999.000000 -9999.000000 -9999.000000 -9999.000000 -9999.000000 -9999.000000 -9999.000000 -9999.000000 -9999.000000 0.000465 0.000465 0.429980 0.360716 0.289370 0.123120 0.091808 0.084841 0.280911 0.281450 0.296751 0.268730 0.292404 0.295147 0.198244 0.008962 0.017176 0.263018 0.320356 0.259063 0.201191 0.240891 0.223084 0.252363 0.225610 0.256805 0.349683 0.271245 0.077958 0.109198 0.186246 0.227598 0.423541 0.312923 0.202555 0.163808 0.079386 0.068486 0.059270 0.098646 0.209880 0.315539 0.127720
-9999.000000 -9999.000000 -9999.000000 -9999.000000 -9999.000000 -9999.000000 -9999.000000 -9999.000000 -9999.000000 -9999.000000 0.000465 0.000465 0.000465 0.000465 0.000465 0.350961 0.370528 0.469080 0.379509 0.281190 0.148486 0.073543 0.297700 0.253458 0.296617 0.398892 0.295281 0.346397 0.004297 0.002032 0.280999 0.384774 0.350595 0.181853 0.301287 0.148890 0.146786 0.256468 0.327257 0.194812 0.058216 0.122569 0.214815 0.220608 0.264516 0.229354 0.349156 0.305013 0.265876 0.263835 0.273748 0.142065 0.081134 0.055855 0.045300 0.075954 0.303920
-9999.000000 -9999.000000 -9999.000000 -9999.000000 -9999.000000 -9999.000000 -9999.000000 -9999.000000 0.000465 0.000465 0.000465 0.158774 0.338147 0.239721 0.234646 0.275643 0.338147 0.416651 0.302979 0.140595 0.198786 0.015817 0.201762 0.272664 0.272122 0.205131 0.275508 0.160340 0.004869 0.005332 0.137353 0.040783 0.121710 0.229755 0.242060 0.024448 0.118859 0.106006 0.001938 0.042367 0.161595 0.187243 0.097979 0.155770 0.161309 0.159985 0.331512 0.319083 0.277754 0.211263 0.177764 0.115474 0.235718 0.188959 0.143835 0.054923 0.028298
-9999.000000 -9999.000000 -9999.000000 -9999.000000 -9999.000000 -9999.000000 0.000465 0.000465 0.000465 0.149698 0.207635 0.394322 0.409759 0.277563 0.133173 0.426799 0.372177 0.370672 0.324847 0.104371 0.162199 0.107232 0.013179 0.257192 0.343209 0.234612 0.214026 0.010124 0.021310 0.015331 0.022802 0.024216 0.011849 0.005383 0.008703 0.123338 0.024181 0.018923 0.047176 0.022416 0.021925 0.095207 0.201961 0.312175 0.229077 0.174098 0.303355 0.468265 0.388176 0.182353 0.267021 0.340902 0.233783 0.321014 0.279426 0.224066 0.043227
-9999.000000 -9999.000000 -9999.000000 -9999.000000 0.000465 0.000465 0.000465 0.354820 0.115394 0.410581 0.046275 0.028676 0.146262 0.075833 0.281952 0.467800 0.465134 0.453027 0.291130 0.276225 0.369131 0.292872 0.142013 0.000465 0.229770 0.187642 0.000465 0.025104 0.227991 0.324290 0.401346 0.235037 0.146869 0.303167 0.264328 0.270902 0.364735 0.252161 0.322246 0.404318 0.368876 0.259895 0.101449 0.147199 0.249640 0.376224 0.471865 0.455682 0.489780 0.501097 0.429705 0.264713 0.364915 0.396782 0.365822 0.371797 0.369954
-9999.000000 -9999.000000 0.000465 0.000465 0.000465 0.010537 0.251773 0.352598 0.358952 0.323361 0.036315 0.031911 0.114579 0.025491 0.019847 0.241281 0.144471 0.396409 0.277563 0.359133 0.227691 0.276589 0.262787 0.010537 0.059338 0.059338 0.171240 0.334242 0.346961 0.323918 0.181620 0.150910 0.251192 0.237236 0.297322 0.227206 0.234889 0.355325 0.337237 0.399769 0.361846 0.368336 0.382820 0.317032 0.308731 0.329279 0.261438 0.222887 0.352377 0.314158 0.223388 0.284809 0.129844 0.264516 0.371748 0.458677 0.342369
-9999.000000 -9999.000000 0.000465 0.289560 0.157164 0.005682 0.026295 0.021104 0.016500 0.031556 0.040231 0.114986 0.126426 0.179453 0.217181 0.083620 0.223673 0.311645 0.310490 0.275651 0.251404 0.230185 0.284683 0.250804 0.021639 0.060192 0.289560 0.303151 0.312175 0.268866 0.196137 0.200572 0.196277 0.229167 0.224851 0.197991 0.221582 0.307271 0.346397 0.357865 0.282259 0.176251 0.354053 0.403794 0.379794 0.214061 0.159783 0.189663 0.330064 0.307537 0.212448 0.262787 0.311426 0.246922 0.144247 0.125838 0.408502
-9999.000000 -9999.000000 0.000465 0.317986 0.379635 0.323361 0.026295 0.272779 0.405016 0.485065 0.246051 0.027576 0.057581 0.325218 0.233669 0.010222 0.086765 0.250804 0.095780 0.143067 0.142781 0.222298 0.286969 0.295682 0.206715 0.006215 0.212645 0.195996 0.100033 0.250998 0.283667 0.270478 0.167024 0.030714 0.136947 0.057074 0.102532 0.081842 0.149496 0.105802 0.186645 0.341269 0.191917 0.250170 0.297285 0.266012 0.246339 0.404318 0.473371 0.405202 0.359314 0.246534 0.283858 0.272122 0.278900 0.208614 0.112925
-9999.000000 -9999.000000 0.000465 0.000465 0.000465 0.347478 0.498231 0.548884 0.433355 0.425771 0.112168 0.017036 0.226422 0.228971 0.311801 0.000465 0.157777 0.120284 0.196799 0.243301 0.169155 0.236684 0.198587 0.206913 0.168832 0.010685 0.119877 0.151920 0.170839 0.185574 0.207075 0.313297 0.205536 0.084244 0.000465 0.117229 0.126999 0.116821 0.116821 0.223477 0.238616 0.337107 0.385293 0.234451 0.177653 0.205956 0.263328 0.263328 0.453499 0.466454 0.319485 0.302791 0.350595 0.355143 0.259316 0.207309 0.084485
-9999.000000 -9999.000000 -9999.000000 -9999.000000 0.000465 0.362930 0.334096 0.425626 0.442268 0.189701 0.107178 0.021026 0.440410 0.343598 0.435038 0.274120 0.072517 0.049267 0.018393 0.193184 0.186562 0.178226 0.225440 0.236014 0.178853 0.014102 0.143227 0.249895 0.125707 0.205676 0.156156 0.146643 0.206376 0.148284 0.037373 0.289181 0.271987 0.331240 0.384419 0.276225 0.380684 0.306739 0.430221 0.244979 0.222691 0.229363 0.263328 0.232201 0.360762 0.317032 0.278615 0.278615 0.307865 0.345117 0.316286 0.321131 0.247893
-9999.000000 -9999.000000 -9999.000000 -9999.000000 0.000465 0.441592 0.314979 0.115190 0.262746 0.341269 0.117432 0.043527 0.397487 0.392923 0.317592 0.276033 0.099599 0.016064 0.008903 0.164210 0.183451 0.109478 0.203547 0.276184 0.230739 0.102532 0.010967 0.207704 0.150930 0.150910 0.180453 0.166422 0.125169 0.041334 0.202754 0.205725 0.295811 0.331696 0.354563 0.264713 0.126999 0.147458 0.318524 0.290888 0.190790 0.247974 0.313110 0.247893 0.112969 0.238356 0.198802 0.219768 0.278900 0.213829 0.220608 0.171240 0.175650
