docker_testcase/datasets_hmc/static_data/gridded/liguria/liguria.beta.txt
ncols	         559
nrows	         167
xllcorner	   7.49520000000000     
yllcorner	   43.7565000000000     
cellsize    5.007000000000000E-003
NODATA_value  -9999
[rows 84 to 111 of 167, columns 441 to 503 of 559]
0.072423 0.254871 0.255645 0.084099 0.129438 0.215407 0.044599 0.033152 0.041711 0.037380 0.005618 0.236990 0.238478 0.095371 0.006977 0.231125 0.197682 0.219634 0.310303 0.314979 0.250998 0.267780 0.176251 0.205923 0.164324 0.126592 0.208693 0.265098 0.236795 0.138772 0.053255 0.002535 0.002111 0.013842 0.038205 0.028481 0.014255 0.067871 0.059434 0.028505 0.001255 0.003127 0.035729 0.053566 0.148216 0.155496 0.231321 0.277563 0.201762 0.238892 0.175250 0.272012 0.233506 0.294108 0.306076 0.222887 0.199778 0.168019 0.258737 0.229363 0.088884 0.083073 0.209089
0.297700 0.170148 0.187831 0.148284 0.112947 0.058816 0.096804 0.133702 0.134513 0.091348 0.006439 0.218756 0.155924 0.178853 0.004430 0.132687 0.169013 0.219077 0.321689 0.242449 0.251815 0.250998 0.314045 0.170839 0.144644 0.095576 0.042197 0.147475 0.140919 0.145251 0.084714 0.015495 0.000826 0.000386 0.000386 0.028711 0.018180 0.000826 0.000826 0.000292 0.001068 0.052431 0.070593 0.101479 0.082213 0.089430 0.119519 0.165618 0.183174 0.306175 0.315913 0.144239 0.208893 0.182326 0.198104 0.293351 0.368696 0.296756 0.257964 0.134612 0.276225 0.315166 0.196799
0.215037 0.191917 0.190831 0.106682 0.124700 0.153131 0.199183 0.081842 0.101509 0.130250 0.007980 0.109070 0.142638 0.134513 0.002004 0.053461 0.133034 0.156351 0.117229 0.106682 0.187842 0.201472 0.196799 0.235623 0.201332 0.194215 0.126282 0.116205 0.114986 0.091889 0.021396 0.025499 0.034284 0.017147 0.000386 0.000388 0.000826 0.009091 0.030775 0.032427 0.000469 0.032014 0.042634 0.088594 0.119375 0.104660 0.113355 0.135186 0.216393 0.211855 0.104576 0.173410 0.213782 0.261110 0.228187 0.250222 0.349318 0.345539 0.297686 0.342186 0.343469 0.294676 0.183651
0.315539 0.242475 0.312439 0.236132 0.205131 0.237185 0.174827 0.129234 0.156156 0.111111 0.014270 0.001033 0.073216 0.129031 0.045629 0.008452 0.095780 0.047897 0.034078 0.181253 0.246145 0.202874 0.129031 0.224851 0.179654 0.055934 0.094552 0.045942 0.048874 0.030290 0.092941 0.164210 0.156358 0.090478 0.041030 0.000826 0.000422 0.021071 0.017968 0.026647 0.000432 0.010811 0.026291 0.026027 0.046454 0.106006 0.136542 0.175250 0.120815 0.105597 0.110436 0.109886 0.115190 0.243812 0.178792 0.241373 0.256225 0.352377 0.384064 0.319642 0.272779 0.323118 0.223084
0.289655 0.336587 0.287238 0.284048 0.385484 0.279696 0.260974 0.270862 0.063772 0.067853 0.044186 0.067871 0.089754 0.122542 0.092217 0.011057 0.065067 0.113322 0.044676 0.130162 0.137961 0.066020 0.027060 0.002443 0.000516 0.000465 0.000465 0.100901 0.153938 0.249834 0.170839 0.073010 0.002191 0.062728 0.165888 0.141608 0.032839 0.000433 0.008264 0.027472 0.000404 0.000413 0.020039 0.041918 0.045696 0.093665 0.112456 0.064579 0.137194 0.055727 0.078146 0.174849 0.166598 0.194168 0.215037 0.206935 0.088727 0.200069 0.173410 0.000584 0.111723 0.180653 0.124152
0.211402 0.330588 0.262595 0.200490 0.260281 0.218166 0.060021 0.094483 0.171851 0.299776 0.128218 0.036760 0.001446 0.087579 0.107027 0.013658 0.019006 0.046866 0.058816 0.137353 0.000826 0.000584 0.072599 0.179253 0.224852 0.240307 0.270478 0.290319 0.195153 0.073422 0.000584 0.043980 0.165216 0.126592 0.195153 0.210431 0.159201 0.059022 0.000449 0.012189 0.015908 0.000431 0.025408 0.049958 0.055751 0.072628 0.149900 0.083954 0.090478 0.038259 0.150708 0.205131 0.208474 0.236546 0.200911 0.172444 0.065396 0.101100 0.159783 0.136542 0.162618 0.138341 0.119231
1.505939 0.344504 0.202754 0.132281 0.024375 0.244401 0.233368 0.144239 0.271580 0.347349 0.223111 0.129234 0.004752 0.038617 0.014422 0.014422 0.074517 0.083664 0.136764 0.083484 0.000421 0.008264 0.149294 0.149900 0.224851 0.293351 0.235818 0.228775 0.151920 0.061429 0.106006 0.135186 0.193606 0.132484 0.192623 0.124558 0.146786 0.124988 0.037998 0.000453 0.007305 0.000584 0.000313 0.000584 0.030775 0.037091 0.013586 0.093938 0.077736 0.118511 0.107232 0.068558 0.227795 0.262064 0.170438 0.029033 0.157567 0.181053 0.202754 0.210151 0.156494 0.138627 0.112131
1.524777 1.506413 0.302752 0.175111 0.263558 0.284279 0.269545 0.274502 0.246326 0.232953 0.270088 0.178792 0.130453 0.061866 0.014666 0.078968 0.168871 0.170237 0.046866 0.016070 0.045630 0.036554 0.124269 0.079173 0.059682 0.076503 0.115917 0.081431 0.063139 0.128438 0.186046 0.168832 0.109070 0.006611 0.053275 0.092506 0.060669 0.026647 0.055460 0.066431 0.000391 0.000344 0.000303 0.000826 0.000000 0.017973 0.017973 0.000826 0.023663 0.089029 0.035778 0.067665 0.196402 0.088405 0.026898 0.069310 0.058816 0.013222 0.073216 0.108049 0.094552 0.180453 0.288041
0.000000 1.524287 1.524777 1.506436 0.298754 0.254690 0.263365 0.358227 0.193220 0.106823 0.117070 0.298620 0.237788 0.100901 0.052843 0.022697 0.177376 0.208334 0.217575 0.188041 0.189436 0.165319 0.179923 0.170839 0.149359 0.112947 0.070739 0.036760 0.049546 0.079165 0.096416 0.172043 0.158774 0.089029 0.069721 0.045836 0.001446 0.000584 0.054285 0.110292 0.038617 0.024582 0.000275 0.000274 0.000826 0.012189 0.021691 0.000584 0.002893 0.031807 0.059100 0.086560 0.027140 0.024273 0.160790 0.180653 0.083278 0.099889 0.145642 0.173269 0.213921 0.252161 0.214026
0.000000 0.000000 0.000000 1.524613 1.525186 1.506412 0.429705 0.383284 0.224222 0.143025 0.257385 0.257834 0.262980 0.110907 0.059615 0.061081 0.189636 0.123338 0.065794 0.151314 0.181653 0.166740 0.143632 0.038404 0.052109 0.029330 0.024788 0.011570 0.015288 0.023809 0.063467 0.054079 0.098442 0.126795 0.084304 0.013016 0.048928 0.027679 0.037967 0.151314 0.035049 0.023517 0.011979 0.000413 0.000267 0.009504 0.023517 0.022349 0.011979 0.036946 0.059434 0.056916 0.023618 0.086355 0.161595 0.119877 0.115484 0.116782 0.098032 0.094968 0.231517 0.134108 0.059246
0.000000 0.000000 0.000000 0.000000 0.000000 1.524344 0.222416 0.323249 0.332676 0.181253 0.079789 0.085535 0.100078 0.083706 0.159783 0.101509 0.193220 0.190632 0.079378 0.033665 0.068488 0.117646 0.089899 1.502994 1.522692 1.522649 1.522639 1.522636 1.522641 1.522663 1.522732 1.502818 0.030817 0.034078 0.032427 0.032568 0.088200 0.122524 0.042330 0.057375 0.051607 0.020658 0.006428 0.005406 0.000413 0.000296 0.010537 0.041093 0.041299 0.030569 0.004937 0.013058 0.054491 0.036508 0.013636 0.026853 0.082252 0.141405 0.153332 0.206121 0.147475 0.072628 0.153332
0.000000 0.000000 0.000000 0.000000 0.000000 1.523673 1.504667 0.285355 0.354563 0.336307 0.205536 0.151501 0.116413 0.387965 0.301420 0.139773 0.284048 0.170237 0.099260 1.502772 1.522679 1.522815 1.522884 1.522726 0.000000 0.000000 0.000000 0.000000 0.000000 0.000000 0.000000 1.522648 0.006405 0.008884 0.005578 0.031395 0.069310 0.110003 0.040738 0.054149 0.087579 0.067254 0.003926 0.015193 0.014049 0.000404 0.000410 0.000383 0.000519 0.000766 0.008677 0.015495 0.053129 0.041711 0.028092 0.061866 0.095837 0.124152 0.154946 0.112539 0.044676 0.126795 0.184250
0.000000 0.000000 0.000000 0.000000 0.000000 0.000000 1.523607 1.504564 0.238616 0.167024 0.322066 0.267236 0.235623 0.240306 0.341654 0.302038 0.264135 0.225244 0.092299 1.522672 0.000000 0.000000 0.000000 0.000000 0.000000 0.000000 0.000000 0.000000 0.000000 0.000000 0.000000 1.522710 1.502832 0.008327 0.002045 0.025821 0.038823 0.081021 0.015908 0.000000 0.073216 0.067540 0.051401 0.060463 0.077119 0.000884 0.003719 0.021071 0.031188 0.025821 0.004545 0.000620 0.050783 0.051813 0.035049 0.025614 0.072188 0.094552 0.057375 0.041468 0.124988 0.202594 0.258654
0.000000 0.000000 0.000000 0.000000 0.000000 0.000000 0.000000 1.523775 1.504455 0.113151 0.340351 0.273354 0.239857 0.266252 0.430559 0.308731 0.257964 0.210472 0.592522 0.000465 0.000000 0.000000 0.000000 0.000000 0.000000 0.000000 0.000000 0.000000 0.000000 0.000000 0.000000 0.000000 1.522877 1.502953 0.042536 0.014024 0.066225 0.092914 0.000207 0.000620 0.011983 0.089430 0.199778 0.104371 0.089029 0.034284 0.003462 0.035110 0.048928 0.050371 0.029211 0.021278 0.016941 0.001607 0.055521 0.050164 0.029950 0.022787 0.018260 0.077119 0.097140 0.182044 0.217378
0.000000 0.000000 0.000000 0.000000 0.000000 0.000000 0.000000 0.000000 1.523806 1.524270 1.524806 1.525282 1.505742 0.094757 0.112335 0.096599 0.110145 0.098041 0.191213 1.522960 0.000000 0.000000 0.000000 0.000000 0.000000 0.000000 0.000000 0.000000 0.000000 0.000000 0.000000 0.000000 0.000000 1.522948 1.522958 1.503071 0.084389 0.077567 0.073216 0.147273 0.246922 0.154543 0.092914 0.029950 0.016114 0.030775 0.011983 0.004996 0.005422 0.002999 0.038205 0.039442 0.000413 0.012125 0.012564 0.000413 0.017973 0.026234 0.034319 0.022930 0.052983 0.159201 0.147879
0.000000 0.000000 0.000000 0.000000 0.000000 0.000000 0.000000 0.000000 0.000000 0.000000 0.000000 0.000000 1.524715 1.505086 0.079994 0.044599 0.383353 0.428168 0.284683 1.523339 0.000000 0.000000 0.000000 0.000000 0.000000 0.000000 0.000000 0.000000 0.000000 0.000000 0.000000 0.000000 0.000000 0.000000 0.000000 1.522997 1.523080 1.523146 1.523253 1.523499 1.523547 1.503651 0.050798 0.147071 0.226225 0.116617 0.085945 0.056139 0.032422 0.012396 0.001136 0.028298 0.000292 0.000355 0.033252 0.041093 0.035341 0.039855 0.009917 0.009204 0.047897 0.092506 0.056916
0.000000 0.000000 0.000000 0.000000 0.000000 0.000000 0.000000 0.000000 0.000000 0.000000 0.000000 0.000000 0.000000 1.524612 1.524600 1.505110 0.263427 0.313858 0.125169 1.504079 1.523392 0.000000 0.000000 0.000000 0.000000 0.000000 0.000000 0.000000 0.000000 0.000000 0.000000 0.000000 0.000000 0.000000 0.000000 0.000000 0.000000 0.000000 0.000000 0.000000 0.000000 1.523010 0.092094 0.165604 0.171040 0.281762 0.319828 0.164893 0.093520 0.048516 0.000345 0.000288 0.000413 0.021035 0.032714 0.021911 0.012856 0.042488 0.038113 0.028298 0.002479 0.026440 0.059828
0.000000 0.000000 0.000000 0.000000 0.000000 0.000000 0.000000 0.000000 0.000000 0.000000 0.000000 0.000000 0.000000 0.000000 0.000000 1.524896 1.505785 0.164324 0.263971 0.280427 1.503631 1.523166 0.000000 0.000000 0.000000 0.000000 0.000000 0.000000 0.000000 0.000000 0.000000 0.000000 0.000000 0.000000 0.000000 0.000000 0.000000 0.000000 0.000000 0.000000 0.000000 1.523022 0.155148 0.194028 0.130019 0.183052 0.257561 0.305678 0.258108 0.091637 0.037091 0.002479 0.000208 0.025201 0.036070 0.018593 0.030233 0.055168 0.029330 0.005165 0.011983 0.002922 0.013429
0.000000 0.000000 0.000000 0.000000 0.000000 0.000000 0.000000 0.000000 0.000000 0.000000 0.000000 0.000000 0.000000 0.000000 0.000000 0.000000 1.524495 1.524454 1.523960 1.504019 0.199381 1.523599 0.000000 0.000000 0.000000 0.000000 0.000000 0.000000 0.000000 0.000000 0.000000 0.000000 0.000000 0.000000 0.000000 0.000000 0.000000 0.000000 0.000000 0.000000 0.000000 1.522936 1.523281 1.523717 1.504611 0.043072 0.090333 0.182044 0.285625 0.188959 0.068412 0.045629 0.019213 0.007252 0.045423 0.030525 0.053857 0.049752 0.000413 0.000146 0.012603 0.031188 0.019574
0.000000 0.000000 0.000000 0.000000 0.000000 0.000000 0.000000 0.000000 0.000000 0.000000 0.000000 0.000000 0.000000 0.000000 0.000000 0.000000 0.000000 0.000000 0.000000 1.523875 1.524257 1.523980 1.523701 0.000000 0.000000 0.000000 0.000000 0.000000 0.000000 0.000000 0.000000 0.000000 0.000000 0.000000 0.000000 0.000000 0.000000 0.000000 0.000000 0.000000 0.000000 0.000000 0.000000 0.000000 1.523883 1.504938 0.101714 0.187549 0.244264 0.182326 0.116617 0.017676 0.037091 0.514702 0.033444 0.045842 0.060258 0.006428 0.000465 0.000826 0.036348 0.033590 0.023136
0.000000 0.000000 0.000000 0.000000 0.000000 0.000000 0.000000 0.000000 0.000000 0.000000 0.000000 0.000000 0.000000 0.000000 0.000000 0.000000 0.000000 0.000000 0.000000 0.000000 0.000000 0.000000 1.524239 1.523620 0.000000 0.000000 0.000000 0.000000 0.000000 0.000000 0.000000 0.000000 0.000000 0.000000 0.000000 0.000000 0.000000 0.000000 0.000000 0.000000 0.000000 0.000000 0.000000 0.000000 0.000000 1.523912 0.269274 0.252935 0.158978 0.106210 0.093938 1.502688 1.522569 0.000465 1.522563 1.502629 0.002776 0.004339 0.000146 0.021897 0.021035 0.022349 0.013732
0.000000 0.000000 0.000000 0.000000 0.000000 0.000000 0.000000 0.000000 0.000000 0.000000 0.000000 0.000000 0.000000 0.000000 0.000000 0.000000 0.000000 0.000000 0.000000 0.000000 0.000000 0.000000 0.000000 0.000000 0.000000 0.000000 0.000000 0.000000 0.000000 0.000000 0.000000 0.000000 0.000000 0.000000 0.000000 0.000000 0.000000 0.000000 0.000000 0.000000 0.000000 0.000000 0.000000 0.000000 0.000000 1.523347 1.523989 1.524130 1.504158 0.073645 0.108415 1.522809 0.000000 0.000000 0.000000 1.522464 1.522486 1.502580 0.028918 0.000584 0.021484 0.019006 0.025707
0.000000 0.000000 0.000000 0.000000 0.000000 0.000000 0.000000 0.000000 0.000000 0.000000 0.000000 0.000000 0.000000 0.000000 0.000000 0.000000 0.000000 0.000000 0.000000 0.000000 0.000000 0.000000 0.000000 0.000000 0.000000 0.000000 0.000000 0.000000 0.000000 0.000000 0.000000 0.000000 0.000000 0.000000 0.000000 0.000000 0.000000 0.000000 0.000000 0.000000 0.000000 0.000000 0.000000 0.000000 0.000000 0.000000 0.000000 0.000000 1.523695 1.504130 0.250998 1.523228 0.000000 0.000000 0.000000 0.000000 0.000000 1.522493 1.522483 1.522520 1.522578 1.522575 1.502655
0.000000 0.000000 0.000000 0.000000 0.000000 0.000000 0.000000 0.000000 0.000000 0.000000 0.000000 0.000000 0.000000 0.000000 0.000000 0.000000 0.000000 0.000000 0.000000 0.000000 0.000000 0.000000 0.000000 0.000000 0.000000 0.000000 0.000000 0.000000 0.000000 0.000000 0.000000 0.000000 0.000000 0.000000 0.000000 0.000000 0.000000 0.000000 0.000000 0.000000 0.000000 0.000000 0.000000 0.000000 0.000000 0.000000 0.000000 0.000000 0.000000 1.523961 1.523862 1.523342 0.000000 0.000000 0.000000 0.000000 0.000000 0.000000 0.000000 0.000000 0.000000 0.000000 1.522566
0.000000 0.000000 0.000000 0.000000 0.000000 0.000000 0.000000 0.000000 0.000000 0.000000 0.000000 0.000000 0.000000 0.000000 0.000000 0.000000 0.000000 0.000000 0.000000 0.000000 0.000000 0.000000 0.000000 0.000000 0.000000 0.000000 0.000000 0.000000 0.000000 0.000000 0.000000 0.000000 0.000000 0.000000 0.000000 0.000000 0.000000 0.000000 0.000000 0.000000 0.000000 0.000000 0.000000 0.000000 0.000000 0.000000 0.000000 0.000000 0.000000 0.000000 0.000000 1.523672 1.523493 0.000000 0.000000 0.000000 0.000000 0.000000 0.000000 0.000000 0.000000 0.000000 0.000000
0.000000 0.000000 0.000000 0.000000 0.000000 0.000000 0.000000 0.000000 0.000000 0.000000 0.000000 0.000000 0.000000 0.000000 0.000000 0.000000 0.000000 0.000000 0.000000 0.000000 0.000000 0.000000 0.000000 0.000000 0.000000 0.000000 0.000000 0.000000 0.000000 0.000000 0.000000 0.000000 0.000000 0.000000 0.000000 0.000000 0.000000 0.000000 0.000000 0.000000 0.000000 0.000000 0.000000 0.000000 0.000000 0.000000 0.000000 0.000000 0.000000 0.000000 0.000000 0.000000 0.000000 0.000000 0.000000 0.000000 0.000000 0.000000 0.000000 0.000000 0.000000 0.000000 0.000000
0.000000 0.000000 0.000000 0.000000 0.000000 0.000000 0.000000 0.000000 0.000000 0.000000 0.000000 0.000000 0.000000 0.000000 0.000000 0.000000 0.000000 0.000000 0.000000 0.000000 0.000000 0.000000 0.000000 0.000000 0.000000 0.000000 0.000000 0.000000 0.000000 0.000000 0.000000 0.000000 0.000000 0.000000 0.000000 0.000000 0.000000 0.000000 0.000000 0.000000 0.000000 0.000000 0.000000 0.000000 0.000000 0.000000 0.000000 0.000000 0.000000 0.000000 0.000000 0.000000 0.000000 0.000000 0.000000 0.000000 0.000000 0.000000 0.000000 0.000000 0.000000 0.000000 0.000000
0.000000 0.000000 0.000000 0.000000 0.000000 0.000000 0.000000 0.000000 0.000000 0.000000 0.000000 0.000000 0.000000 0.000000 0.000000 0.000000 0.000000 0.000000 0.000000 0.000000 0.000000 0.000000 0.000000 0.000000 0.000000 0.000000 0.000000 0.000000 0.000000 0.000000 0.000000 0.000000 0.000000 0.000000 0.000000 0.000000 0.000000 0.000000 0.000000 0.000000 0.000000 0.000000 0.000000 0.000000 0.000000 0.000000 0.000000 0.000000 0.000000 0.000000 0.000000 0.000000 0.000000 0.000000 0.000000 0.000000 0.000000 0.000000 0.000000 0.000000 0.000000 0.000000 0.000000
