docker_testcase/datasets_hmc/static_data/gridded/liguria/liguria.cn.txt
ncols   559
nrows   167
xllcorner    7.4952
yllcorner    43.7565
cellsize    0.005007
NODATA_value -9999
[rows 33 to 65 of 167, columns 444 to 517 of 559]
59.9 59.9 60.1 59.9 61.9 65.0 59.9 59.9 59.9 59.9 59.9 58.9 57.2 65.0 60.0 58.9 50.9 55.6 59.9 60.8 59.9 59.9 59.9 58.9 52.8 47.0 47.0 50.9 57.2 47.0 51.5 58.6 62.4 58.9 58.4 64.6 63.2 72.3 73.0 73.0 71.6 70.5 61.3 61.3 73.0 60.0 61.5 58.1 53.6 52.8 60.9 59.9 59.9 57.3 47.7 47.0 54.1 65.0 65.0 62.0 49.9 49.9 53.0 59.7 49.9 54.5 65.0 65.0 63.6 60.9 60.9 62.9 65.0 65.0
59.9 58.8 65.0 59.9 59.9 59.9 59.9 60.2 60.2 59.9 59.7 61.9 65.0 64.4 54.1 47.0 47.9 59.9 59.9 60.2 61.4 60.2 60.2 60.1 59.9 60.3 59.0 58.9 57.2 66.4 71.6 60.9 60.4 63.1 73.0 59.7 62.7 73.0 70.7 60.9 61.1 61.2 66.1 72.6 53.7 51.1 59.9 59.9 59.9 59.9 59.9 59.9 59.9 59.9 60.2 60.1 59.1 65.0 62.7 61.0 49.9 49.9 50.1 52.3 56.3 53.5 60.9 60.9 61.0 60.9 60.9 60.9 64.9 65.0
59.9 59.9 59.9 59.9 59.9 59.9 60.7 63.1 65.0 58.6 53.1 58.1 65.0 58.0 57.6 59.3 60.1 59.9 59.9 59.9 59.9 59.6 65.0 66.3 54.2 58.8 55.7 60.0 61.6 64.6 65.4 63.3 59.9 59.9 60.2 61.5 60.9 59.9 60.2 61.6 62.1 72.8 60.6 58.6 59.9 59.9 59.9 59.9 59.9 59.9 59.9 60.2 60.3 61.8 65.0 65.0 60.2 65.0 65.0 60.8 50.4 50.4 52.3 59.7 57.2 52.0 59.7 63.4 65.0 65.0 60.9 63.5 65.0 60.9
59.9 59.9 59.9 59.9 59.9 59.9 59.9 59.9 59.8 59.8 57.3 47.0 50.6 47.0 55.1 60.6 65.0 63.9 59.9 59.9 60.1 61.7 61.0 50.5 59.9 58.5 55.0 60.8 61.6 63.8 58.5 59.9 59.9 59.7 59.7 59.9 59.9 59.9 59.9 59.9 59.8 70.6 58.3 58.9 60.2 59.9 59.9 59.9 59.9 59.9 60.1 60.0 65.0 65.0 65.0 65.0 59.9 59.9 59.9 60.0 60.9 65.0 65.0 57.4 49.9 53.6 60.9 60.9 63.6 65.0 61.1 63.4 65.0 60.9
59.9 59.9 59.9 59.9 59.9 59.9 59.9 59.9 59.6 57.7 52.7 47.0 53.8 59.9 58.8 65.0 60.0 59.9 59.9 59.9 58.2 65.0 61.0 59.9 59.9 58.1 51.9 59.9 59.9 62.0 63.5 59.4 58.1 57.5 49.9 56.0 60.7 58.5 59.9 59.9 59.9 60.4 59.9 65.0 65.0 60.0 60.0 59.9 60.2 59.9 58.3 65.0 65.0 65.0 65.0 65.0 60.4 59.9 59.9 62.0 64.7 64.5 59.4 57.4 49.9 53.6 60.9 61.0 61.0 60.9 60.9 60.9 60.9 60.9
59.9 59.9 59.9 59.9 59.9 59.9 59.9 59.9 57.7 47.6 47.3 48.0 59.9 61.9 65.0 65.0 60.8 59.6 59.9 59.9 59.9 59.9 59.9 59.9 59.9 59.9 59.9 59.9 59.9 60.1 60.6 58.4 54.2 60.8 58.1 59.8 62.0 65.0 65.0 59.9 59.9 60.4 61.8 59.7 65.0 65.0 64.1 62.9 65.0 59.9 58.5 65.0 65.0 65.0 65.0 65.0 65.0 59.9 59.9 59.9 60.4 60.4 59.9 57.4 52.2 60.4 59.1 63.8 65.0 61.0 61.0 60.9 60.9 60.9
59.9 59.9 59.9 59.9 59.9 60.0 60.0 60.0 59.9 59.9 59.9 59.9 59.5 59.5 60.0 60.9 60.3 60.3 61.4 59.9 59.9 59.9 59.9 59.9 60.2 59.8 59.8 59.8 60.0 60.5 59.6 56.9 58.7 67.7 61.0 60.0 58.1 60.1 59.8 60.3 58.3 61.4 65.0 65.0 65.0 65.0 65.0 65.0 65.0 59.9 59.9 60.2 61.0 61.6 65.0 65.0 65.0 65.0 60.4 60.4 62.3 65.0 61.9 57.4 49.9 52.4 59.9 61.1 61.0 62.7 64.0 61.2 60.9 60.9
59.9 59.9 59.9 59.9 60.8 61.0 60.4 59.2 59.5 59.9 59.7 57.2 47.0 47.8 61.7 59.2 58.8 58.6 59.9 59.9 59.9 59.9 59.9 59.9 58.9 67.2 59.6 64.4 59.4 66.8 73.0 50.0 61.1 73.0 59.0 61.3 63.1 65.5 56.9 60.0 59.9 59.9 59.6 58.2 65.0 65.0 61.5 63.5 64.3 59.9 59.9 59.9 59.9 59.9 59.9 61.8 65.0 65.0 65.0 65.0 65.0 65.0 59.9 58.5 51.9 53.9 59.9 59.9 59.4 65.0 65.0 65.0 63.5 61.6
59.6 59.5 59.9 59.9 61.4 64.4 59.4 47.0 48.1 59.3 51.8 47.0 47.0 51.1 59.9 59.9 59.9 59.9 59.9 59.9 59.9 59.9 59.8 59.9 59.8 73.0 64.6 68.6 73.0 73.0 55.9 57.7 66.1 73.0 73.0 64.9 69.6 69.5 69.3 59.9 59.6 57.0 50.9 61.0 65.0 65.0 61.4 59.9 59.9 59.9 59.9 59.9 59.9 59.9 59.9 60.2 59.8 65.0 65.0 65.0 65.0 60.4 60.4 61.7 65.0 59.9 59.9 59.9 59.9 60.6 60.2 65.0 59.4 61.0
49.2 47.0 56.7 59.9 59.9 59.5 57.6 52.1 61.7 51.3 65.0 65.0 65.0 60.5 59.9 59.9 59.2 56.8 59.9 59.9 59.9 60.3 59.4 57.1 60.3 57.3 47.9 59.7 49.6 53.6 73.0 73.0 59.8 73.0 69.7 64.2 61.8 61.7 63.9 73.0 68.5 47.7 50.1 59.9 60.7 65.0 61.0 59.9 59.9 59.9 59.9 59.9 59.9 59.9 59.9 59.1 65.0 65.0 62.8 62.0 65.0 65.0 65.0 65.0 65.0 65.0 62.2 65.0 61.6 60.5 60.5 59.9 59.9 59.9
53.8 59.9 59.9 59.9 60.0 57.4 51.8 65.0 65.0 65.0 60.3 65.0 65.0 65.0 60.2 59.9 59.9 59.9 59.9 59.9 59.9 60.0 60.5 73.0 69.5 59.8 57.3 47.0 47.0 47.0 53.9 73.0 73.0 73.0 63.8 63.1 59.5 60.4 61.3 61.3 65.4 64.7 60.4 60.0 63.2 65.0 59.9 59.9 59.9 59.9 60.4 60.0 60.0 60.0 59.9 59.9 59.0 65.0 59.9 60.3 58.2 58.3 59.9 62.1 65.0 65.0 65.0 65.0 65.0 65.0 65.0 59.9 59.9 59.9
61.4 60.2 60.2 60.6 62.0 58.8 61.6 65.0 65.0 59.9 59.9 60.6 63.5 65.0 65.0 60.2 59.9 59.9 59.9 60.0 60.0 60.4 59.4 60.1 59.4 55.4 52.7 59.3 54.5 55.3 55.0 58.0 68.2 73.0 65.8 61.3 56.8 52.7 71.3 62.2 71.7 63.3 73.0 59.7 60.3 59.9 59.9 59.9 59.9 60.5 60.5 72.5 61.9 59.1 59.5 59.9 59.9 59.9 59.9 59.9 59.9 59.9 61.2 65.0 65.0 59.9 59.9 62.2 65.0 65.0 65.0 60.6 60.6 59.9
65.0 65.0 65.0 65.0 65.0 61.0 65.0 60.7 65.0 60.0 59.9 59.9 58.3 65.0 65.0 63.7 59.9 59.9 60.1 58.1 59.5 58.4 59.9 60.8 60.9 59.2 55.8 58.9 66.0 64.9 58.8 58.5 71.2 73.0 69.6 57.5 60.1 52.9 48.0 59.7 59.3 69.7 61.4 73.0 72.8 60.0 58.8 64.0 60.7 61.9 65.0 65.0 61.7 63.0 51.5 59.9 59.9 59.9 59.9 59.9 59.9 59.9 59.9 60.7 58.2 59.9 58.5 65.0 65.0 65.0 65.0 65.0 65.0 65.0
53.8 65.0 50.5 54.6 62.2 56.2 65.0 65.0 65.0 60.9 59.9 59.9 59.9 59.9 59.9 59.9 59.9 59.9 59.9 60.5 59.0 59.9 59.9 59.9 60.8 60.9 60.0 59.2 58.2 63.1 62.3 61.9 59.4 73.0 69.7 59.0 73.0 61.1 63.2 56.4 59.4 59.4 58.8 54.9 56.9 63.6 73.0 73.0 73.0 73.0 73.0 59.9 60.6 60.4 56.6 48.7 59.3 56.8 59.9 59.9 59.9 59.9 59.9 59.9 59.9 59.9 59.3 65.0 65.0 58.3 65.0 65.0 65.0 65.0
65.0 65.0 65.0 65.0 65.0 65.0 65.0 65.0 65.0 61.5 60.7 60.6 59.9 59.9 59.9 59.9 59.9 59.9 59.9 59.9 59.9 59.9 59.9 59.9 60.8 61.1 62.1 60.2 60.4 59.9 59.9 59.9 60.7 61.4 62.8 52.5 47.0 58.7 62.5 53.7 47.3 49.5 55.9 56.8 60.9 60.3 61.1 59.9 61.9 59.9 59.9 57.2 55.0 65.4 51.4 55.8 61.6 60.4 57.4 60.1 60.1 59.9 59.9 59.9 59.9 59.9 59.9 59.9 59.9 59.9 62.4 65.0 65.0 65.0
65.0 59.0 65.0 62.8 65.0 65.0 65.0 65.0 65.0 71.6 73.0 65.0 60.0 59.9 59.9 59.9 60.1 60.2 60.2 60.6 60.6 59.9 59.9 59.9 59.9 59.9 59.8 73.0 69.3 59.9 59.9 59.9 60.3 61.1 56.6 47.0 49.0 56.4 73.0 57.3 61.6 67.2 49.4 52.6 61.8 59.9 57.7 50.6 56.8 59.6 60.6 59.9 59.9 59.9 57.1 50.3 61.7 63.5 59.3 61.9 61.6 59.9 59.9 59.9 59.9 59.5 59.9 59.9 59.9 59.9 59.9 59.9 60.2 61.9
62.0 65.0 65.0 65.0 65.0 65.0 65.0 73.0 58.7 71.9 60.8 60.8 58.7 59.6 59.9 60.6 61.4 63.5 64.1 60.6 65.0 60.4 60.7 60.7 59.9 59.9 59.8 71.2 59.9 59.9 60.1 60.2 59.1 59.4 50.3 47.0 54.8 56.9 61.5 70.8 73.0 47.0 47.0 51.3 59.5 59.9 59.9 57.6 49.6 48.9 59.9 59.9 59.8 59.8 59.9 56.3 50.5 60.8 50.6 60.2 59.0 59.9 59.9 59.9 57.2 51.9 59.9 59.9 59.9 58.1 62.9 60.3 59.9 59.9
59.3 65.0 62.0 61.0 65.0 65.0 64.1 60.2 61.1 65.0 65.0 61.8 65.0 65.0 60.4 65.0 65.0 65.0 65.0 65.0 65.0 65.0 65.0 65.0 65.0 59.9 59.9 59.9 59.9 59.9 60.8 58.4 54.1 57.3 49.1 51.5 48.5 51.2 47.3 49.8 47.8 49.1 55.3 61.0 52.8 59.9 59.9 57.5 50.2 59.9 59.9 59.9 59.5 58.8 61.3 57.9 53.1 58.9 69.2 68.8 55.0 60.6 60.1 59.7 59.7 59.9 59.9 59.9 59.9 60.4 59.4 65.0 63.8 59.9
65.0 65.0 65.0 65.0 65.0 65.0 65.0 58.0 60.4 61.3 59.9 60.6 60.6 61.6 65.0 65.0 60.9 60.4 60.4 62.6 65.0 59.9 60.5 59.1 59.9 59.9 60.0 60.1 60.4 60.8 59.0 55.9 59.9 59.9 59.6 48.8 54.5 53.9 51.1 54.2 59.0 68.8 54.4 48.4 60.1 59.9 59.9 59.9 59.9 59.9 60.0 60.7 60.7 57.4 50.1 53.7 54.1 60.7 51.6 59.2 55.3 58.2 71.7 59.4 55.9 59.9 59.9 59.9 59.9 59.7 65.0 65.0 59.9 60.1
56.4 62.6 65.0 65.0 65.0 65.0 65.0 61.8 58.6 63.7 60.1 59.2 65.0 65.0 61.7 61.7 63.2 60.3 59.9 59.9 59.9 59.9 59.9 59.9 59.9 59.9 60.6 58.5 59.9 59.9 59.9 59.9 59.6 53.5 47.0 47.0 47.0 48.6 49.1 47.0 52.3 54.3 59.8 73.0 59.4 59.3 59.9 59.9 59.9 59.9 60.6 62.7 73.0 64.6 54.2 57.5 62.2 59.6 59.9 59.9 59.9 59.9 59.9 59.9 59.9 59.9 59.9 59.9 59.9 61.6 64.5 65.0 59.9 61.2
59.7 61.9 58.0 47.0 48.0 65.0 65.0 65.0 65.0 60.6 60.7 61.7 65.0 65.0 73.0 65.0 70.2 64.8 59.9 59.9 59.9 59.9 59.9 59.9 59.9 59.9 59.9 59.9 59.9 59.9 59.9 59.9 58.2 63.5 47.6 47.0 54.9 73.0 65.9 73.0 47.0 47.0 55.3 55.3 53.1 49.5 59.4 59.7 59.9 59.9 60.7 60.0 65.2 73.0 73.0 63.1 66.6 73.0 59.9 59.9 59.9 59.9 60.1 60.3 60.3 60.6 59.9 59.9 59.9 59.9 60.6 58.2 59.9 59.9
47.0 47.0 47.3 58.6 50.6 47.1 59.0 65.0 65.0 65.0 59.9 59.9 61.9 70.4 70.5 59.9 59.9 59.9 59.9 59.9 59.9 59.9 59.9 59.9 59.9 60.2 59.9 59.9 59.9 59.9 60.0 60.2 61.0 58.1 47.6 54.9 47.0 52.6 53.9 51.9 50.4 54.9 56.6 59.6 59.2 47.1 55.1 56.5 58.8 60.1 60.7 60.8 64.1 65.5 61.1 73.0 73.0 70.1 60.5 59.9 59.9 59.9 60.8 61.4 65.0 65.0 59.9 59.9 59.9 61.0 70.7 60.5 60.4 56.9
47.0 47.0 47.3 58.9 50.9 47.0 47.0 48.4 65.0 65.0 59.8 59.9 59.9 59.9 59.9 59.9 59.9 59.9 59.9 59.9 59.9 59.9 60.5 60.5 60.4 61.6 62.0 59.9 59.9 59.9 60.4 59.4 60.7 60.7 60.0 59.9 56.7 47.0 47.8 54.4 54.9 54.9 54.9 50.8 47.0 49.0 58.9 61.3 73.0 64.4 68.4 59.5 63.4 73.0 73.0 73.0 73.0 73.0 67.1 59.9 59.9 59.9 59.9 59.9 59.9 59.9 59.9 59.9 59.9 61.0 73.0 63.5 54.8 65.0
47.0 47.0 48.3 61.5 47.0 47.0 47.0 47.0 52.6 65.0 60.3 60.6 59.9 59.9 59.9 59.9 59.9 59.9 59.9 59.9 59.9 60.4 60.9 65.0 62.5 65.0 65.0 59.9 59.9 59.9 59.9 59.9 59.9 59.9 59.9 59.9 57.6 50.0 60.1 47.4 47.7 54.4 55.3 54.5 47.0 47.0 55.7 54.9 54.9 58.7 73.0 54.5 53.7 52.7 60.3 66.1 61.5 62.0 59.9 60.2 60.9 59.9 59.9 59.9 59.9 59.9 59.9 59.9 59.9 59.9 61.1 66.2 52.7 59.4
47.0 47.0 51.3 59.3 47.0 47.0 47.0 47.0 49.2 65.0 61.1 60.2 60.9 60.0 59.9 59.9 59.9 59.9 59.9 59.9 59.9 60.7 58.9 60.2 60.2 59.9 59.9 59.9 59.9 59.9 59.9 59.9 59.9 59.9 59.9 59.9 60.1 59.7 66.8 60.6 57.5 47.9 56.7 58.7 47.0 52.5 61.6 59.8 60.4 73.0 59.9 59.5 56.5 67.6 59.5 60.0 60.1 60.2 60.5 61.8 64.5 60.5 59.9 59.9 59.9 59.9 59.9 60.6 60.6 60.8 58.0 52.5 62.0 66.4
54.7 47.0 47.0 49.2 47.0 47.0 47.0 47.1 49.2 65.0 65.0 65.0 65.0 65.0 58.5 59.9 59.9 59.9 59.9 59.9 60.2 58.6 58.1 61.1 60.7 60.0 59.9 59.9 59.9 59.9 59.9 59.9 59.9 59.9 59.9 59.9 59.9 59.9 59.1 65.5 51.5 60.3 59.1 54.8 56.2 73.0 73.0 55.9 61.4 52.6 47.9 52.7 51.6 65.5 64.2 61.3 59.0 61.3 64.4 65.2 59.9 59.9 59.9 59.9 59.9 59.9 58.9 65.0 70.8 71.8 71.8 62.0 69.4 59.9
50.5 47.0 49.4 73.0 73.0 73.0 65.0 65.0 65.0 65.0 62.0 60.9 60.9 62.1 65.0 60.1 59.9 59.9 59.9 59.9 59.9 60.6 58.7 60.6 59.4 58.7 59.9 59.9 59.9 60.1 60.1 59.9 59.9 59.9 59.9 60.1 59.9 59.9 60.3 60.3 61.6 61.7 66.4 58.3 54.8 72.4 73.0 73.0 47.0 49.8 47.2 53.3 48.7 51.1 61.2 59.9 67.9 60.3 60.1 61.1 60.9 59.9 59.9 59.9 59.9 59.9 59.9 59.7 69.0 63.9 58.7 61.9 55.9 60.0
57.9 47.0 47.0 47.0 47.0 48.6 65.0 59.6 65.0 65.0 61.9 60.9 60.9 61.5 60.9 61.9 65.0 59.8 60.0 59.9 59.9 59.9 59.9 59.9 59.9 59.9 60.6 60.6 58.1 64.8 58.8 59.9 59.9 59.9 60.7 59.7 60.9 60.5 58.1 65.8 67.9 60.5 60.1 59.1 67.7 65.8 73.0 48.6 51.6 47.6 47.8 53.4 48.9 59.8 70.2 58.2 62.2 60.6 65.4 73.0 73.0 70.2 59.9 59.9 59.9 59.9 59.9 59.9 59.8 61.4 60.7 60.2 61.6 60.3
47.0 47.0 47.0 47.0 53.8 55.0 59.1 65.0 64.8 73.0 73.0 60.9 63.5 65.0 65.0 59.8 59.9 59.1 61.3 59.9 59.9 59.9 59.9 59.9 59.9 59.9 62.0 70.0 65.0 65.0 63.3 60.7 60.7 60.7 60.1 60.8 58.7 68.4 67.7 73.0 73.0 65.3 59.5 59.9 57.8 52.7 59.1 59.9 59.9 59.9 61.4 60.0 59.8 66.7 61.3 67.7 59.9 59.9 60.8 63.1 67.2 60.7 59.9 59.9 59.9 59.9 59.9 59.9 59.6 59.9 59.8 58.5 56.0 59.9
47.0 47.0 54.9 54.9 55.6 58.1 60.9 60.9 64.1 73.0 62.1 66.4 65.0 65.0 65.0 65.0 57.9 55.5 52.1 60.3 59.9 59.9 59.9 59.9 59.9 59.9 59.9 58.4 66.1 59.9 58.9 65.0 65.0 65.0 59.9 59.9 59.1 68.3 61.8 61.9 59.9 59.9 59.9 59.9 59.8 60.7 60.8 59.9 59.7 59.7 59.9 60.1 60.6 59.1 70.8 69.4 64.5 60.5 60.6 61.3 73.0 73.0 70.4 59.9 59.9 59.9 59.9 60.4 61.3 59.9 59.9 59.9 59.9 59.9
49.4 54.9 54.9 54.9 56.5 60.7 61.0 64.6 73.0 73.0 73.0 73.0 62.7 54.7 59.1 65.0 65.0 65.0 59.9 62.7 59.6 59.9 59.9 59.9 59.9 59.9 59.9 59.9 59.9 59.9 62.0 64.3 61.7 61.7 65.0 59.9 59.9 61.0 62.0 59.1 59.9 59.9 59.9 59.9 60.6 60.1 54.2 64.2 59.1 57.5 59.9 59.9 59.9 58.9 69.9 66.7 54.4 58.5 65.8 61.7 62.3 67.2 64.4 60.9 61.2 61.2 59.9 59.9 59.9 59.9 59.9 59.9 59.9 59.9
47.0 47.9 54.9 55.4 56.7 58.4 62.9 73.0 73.0 73.0 68.2 60.9 59.7 61.3 53.3 60.3 65.0 65.0 65.0 63.3 56.7 59.9 59.9 59.9 59.9 59.9 59.9 59.9 59.9 59.9 59.9 59.9 60.0 60.5 59.9 59.9 59.9 59.9 61.2 73.0 58.3 61.0 59.9 59.9 60.9 68.5 52.5 60.9 59.9 59.9 59.9 59.8 59.3 59.3 67.1 58.4 54.3 54.1 69.4 71.7 73.0 73.0 73.0 71.1 63.0 73.0 60.5 60.5 59.9 59.9 59.9 59.9 59.9 59.9
61.1 63.4 56.1 60.9 60.0 57.3 62.8 73.0 73.0 67.3 59.7 60.9 61.3 47.0 47.0 47.0 47.0 47.2 59.8 65.0 59.6 47.0 59.6 59.9 59.9 59.9 59.9 59.9 59.9 59.9 59.9 59.9 59.9 60.4 60.4 59.9 59.9 59.9 59.8 71.0 60.8 71.6 60.8 61.2 68.9 59.3 60.6 69.5 59.9 59.9 59.6 56.7 52.3 61.4 61.0 58.8 53.8 55.4 55.4 54.9 55.0 56.8 66.0 73.0 68.7 61.5 73.0 64.5 59.9 59.9 59.9 59.9 59.9 59.9
