docker_testcase/datasets_hmc/static_data/gridded/liguria/liguria.lon.txt
ncols          559
nrows          167
xllcorner       7.4952
yllcorner      43.7565
cellsize     0.005007
NODATA_value        -9999
[rows 96 to 127 of 167, columns 72 to 143 of 559]
7.85821 7.86321 7.86822 7.87323 7.87824 7.88324 7.88825 7.89326 7.89826 7.90327 7.90828 7.91328 7.91829 7.9233 7.92831 7.93331 7.93832 7.94333 7.94833 7.95334 7.95835 7.96335 7.96836 7.97337 7.97838 7.98338 7.98839 7.9934 7.9984 8.00341 8.00842 8.01342 8.01843 8.02344 8.02845 8.03345 8.03846 8.04347 8.04847 8.05348 8.05849 8.06349 8.0685 8.07351 8.07852 8.08352 8.08853 8.09354 8.09854 8.10355 8.10856 8.11356 8.11857 8.12358 8.12859 8.13359 8.1386 8.14361 8.14861 8.15362 8.15863 8.16363 8.16864 8.17365 8.17866 8.18366 8.18867 8.19368 8.19868 8.20369 8.2087 8.2137
7.85821 7.86321 7.86822 7.87323 7.87824 7.88324 7.88825 7.89326 7.89826 7.90327 7.90828 7.91328 7.91829 7.9233 7.92831 7.93331 7.93832 7.94333 7.94833 7.95334 7.95835 7.96335 7.96836 7.97337 7.97838 7.98338 7.98839 7.9934 7.9984 8.00341 8.00842 8.01342 8.01843 8.02344 8.02845 8.03345 8.03846 8.04347 8.04847 8.05348 8.05849 8.06349 8.0685 8.07351 8.07852 8.08352 8.08853 8.09354 8.09854 8.10355 8.10856 8.11356 8.11857 8.12358 8.12859 8.13359 8.1386 8.14361 8.14861 8.15362 8.15863 8.16363 8.16864 8.17365 8.17866 8.18366 8.18867 8.19368 8.19868 8.20369 8.2087 8.2137
7.85821 7.86321 7.86822 7.87323 7.87824 7.88324 7.88825 7.89326 7.89826 7.90327 7.90828 7.91328 7.91829 7.9233 7.92831 7.93331 7.93832 7.94333 7.94833 7.95334 7.95835 7.96335 7.96836 7.97337 7.97838 7.98338 7.98839 7.9934 7.9984 8.00341 8.00842 8.01342 8.01843 8.02344 8.02845 8.03345 8.03846 8.04347 8.04847 8.05348 8.05849 8.06349 8.0685 8.07351 8.07852 8.08352 8.08853 8.09354 8.09854 8.10355 8.10856 8.11356 8.11857 8.12358 8.12859 8.13359 8.1386 8.14361 8.14861 8.15362 8.15863 8.16363 8.16864 8.17365 8.17866 8.18366 8.18867 8.19368 8.19868 8.20369 8.2087 8.2137
7.85821 7.86321 7.86822 7.87323 7.87824 7.88324 7.88825 7.89326 7.89826 7.90327 7.90828 7.91328 7.91829 7.9233 7.92831 7.93331 7.93832 7.94333 7.94833 7.95334 7.95835 7.96335 7.96836 7.97337 7.97838 7.98338 7.98839 7.9934 7.9984 8.00341 8.00842 8.01342 8.01843 8.02344 8.02845 8.03345 8.03846 8.04347 8.04847 8.05348 8.05849 8.06349 8.0685 8.07351 8.07852 8.08352 8.08853 8.09354 8.09854 8.10355 8.10856 8.11356 8.11857 8.12358 8.12859 8.13359 8.1386 8.14361 8.14861 8.15362 8.15863 8.16363 8.16864 8.17365 8.17866 8.18366 8.18867 8.19368 8.19868 8.20369 8.2087 8.2137
7.85821 7.86321 7.86822 7.87323 7.87824 7.88324 7.88825 7.89326 7.89826 7.90327 7.90828 7.91328 7.91829 7.9233 7.92831 7.93331 7.93832 7.94333 7.94833 7.95334 7.95835 7.96335 7.96836 7.97337 7.97838 7.98338 7.98839 7.9934 7.9984 8.00341 8.00842 8.01342 8.01843 8.02344 8.02845 8.03345 8.03846 8.04347 8.04847 8.05348 8.05849 8.06349 8.0685 8.07351 8.07852 8.08352 8.08853 8.09354 8.09854 8.10355 8.10856 8.11356 8.11857 8.12358 8.12859 8.13359 8.1386 8.14361 8.14861 8.15362 8.15863 8.16363 8.16864 8.17365 8.17866 8.18366 8.18867 8.19368 8.19868 8.20369 8.2087 8.2137
7.85821 7.86321 7.86822 7.87323 7.87824 7.88324 7.88825 7.89326 7.89826 7.90327 7.90828 7.91328 7.91829 7.9233 7.92831 7.93331 7.93832 7.94333 7.94833 7.95334 7.95835 7.96335 7.96836 7.97337 7.97838 7.98338 7.98839 7.9934 7.9984 8.00341 8.00842 8.01342 8.01843 8.02344 8.02845 8.03345 8.03846 8.04347 8.04847 8.05348 8.05849 8.06349 8.0685 8.07351 8.07852 8.08352 8.08853 8.09354 8.09854 8.10355 8.10856 8.11356 8.11857 8.12358 8.12859 8.13359 8.1386 8.14361 8.14861 8.15362 8.15863 8.16363 8.16864 8.17365 8.17866 8.18366 8.18867 8.19368 8.19868 8.20369 8.2087 8.2137
7.85821 7.86321 7.86822 7.87323 7.87824 7.88324 7.88825 7.89326 7.89826 7.90327 7.90828 7.91328 7.91829 7.9233 7.92831 7.93331 7.93832 7.94333 7.94833 7.95334 7.95835 7.96335 7.96836 7.97337 7.97838 7.98338 7.98839 7.9934 7.9984 8.00341 8.00842 8.01342 8.01843 8.02344 8.02845 8.03345 8.03846 8.04347 8.04847 8.05348 8.05849 8.06349 8.0685 8.07351 8.07852 8.08352 8.08853 8.09354 8.09854 8.10355 8.10856 8.11356 8.11857 8.12358 8.12859 8.13359 8.1386 8.14361 8.14861 8.15362 8.15863 8.16363 8.16864 8.17365 8.17866 8.18366 8.18867 8.19368 8.19868 8.20369 8.2087 8.2137
7.85821 7.86321 7.86822 7.87323 7.87824 7.88324 7.88825 7.89326 7.89826 7.90327 7.90828 7.91328 7.91829 7.9233 7.92831 7.93331 7.93832 7.94333 7.94833 7.95334 7.95835 7.96335 7.96836 7.97337 7.97838 7.98338 7.98839 7.9934 7.9984 8.00341 8.00842 8.01342 8.01843 8.02344 8.02845 8.03345 8.03846 8.04347 8.04847 8.05348 8.05849 8.06349 8.0685 8.07351 8.07852 8.08352 8.08853 8.09354 8.09854 8.10355 8.10856 8.11356 8.11857 8.12358 8.12859 8.13359 8.1386 8.14361 8.14861 8.15362 8.15863 8.16363 8.16864 8.17365 8.17866 8.18366 8.18867 8.19368 8.19868 8.20369 8.2087 8.2137
7.85821 7.86321 7.86822 7.87323 7.87824 7.88324 7.88825 7.89326 7.89826 7.90327 7.90828 7.91328 7.91829 7.9233 7.92831 7.93331 7.93832 7.94333 7.94833 7.95334 7.95835 7.96335 7.96836 7.97337 7.97838 7.98338 7.98839 7.9934 7.9984 8.00341 8.00842 8.01342 8.01843 8.02344 8.02845 8.03345 8.03846 8.04347 8.04847 8.05348 8.05849 8.06349 8.0685 8.07351 8.07852 8.08352 8.08853 8.09354 8.09854 8.10355 8.10856 8.11356 8.11857 8.12358 8.12859 8.13359 8.1386 8.14361 8.14861 8.15362 8.15863 8.16363 8.16864 8.17365 8.17866 8.18366 8.18867 8.19368 8.19868 8.20369 8.2087 8.2137
7.85821 7.86321 7.86822 7.87323 7.87824 7.88324 7.88825 7.89326 7.89826 7.90327 7.90828 7.91328 7.91829 7.9233 7.92831 7.93331 7.93832 7.94333 7.94833 7.95334 7.95835 7.96335 7.96836 7.97337 7.97838 7.98338 7.98839 7.9934 7.9984 8.00341 8.00842 8.01342 8.01843 8.02344 8.02845 8.03345 8.03846 8.04347 8.04847 8.05348 8.05849 8.06349 8.0685 8.07351 8.07852 8.08352 8.08853 8.09354 8.09854 8.10355 8.10856 8.11356 8.11857 8.12358 8.12859 8.13359 8.1386 8.14361 8.14861 8.15362 8.15863 8.16363 8.16864 8.17365 8.17866 8.18366 8.18867 8.19368 8.19868 8.20369 8.2087 8.2137
7.85821 7.86321 7.86822 7.87323 7.87824 7.88324 7.88825 7.89326 7.89826 7.90327 7.90828 7.91328 7.91829 7.9233 7.92831 7.93331 7.93832 7.94333 7.94833 7.95334 7.95835 7.96335 7.96836 7.97337 7.97838 7.98338 7.98839 7.9934 7.9984 8.00341 8.00842 8.01342 8.01843 8.02344 8.02845 8.03345 8.03846 8.04347 8.04847 8.05348 8.05849 8.06349 8.0685 8.07351 8.07852 8.08352 8.08853 8.09354 8.09854 8.10355 8.10856 8.11356 8.11857 8.12358 8.12859 8.13359 8.1386 8.14361 8.14861 8.15362 8.15863 8.16363 8.16864 8.17365 8.17866 8.18366 8.18867 8.19368 8.19868 8.20369 8.2087 8.2137
7.85821 7.86321 7.86822 7.87323 7.87824 7.88324 7.88825 7.89326 7.89826 7.90327 7.90828 7.91328 7.91829 7.9233 7.92831 7.93331 7.93832 7.94333 7.94833 7.95334 7.95835 7.96335 7.96836 7.97337 7.97838 7.98338 7.98839 7.9934 7.9984 8.00341 8.00842 8.01342 8.01843 8.02344 8.02845 8.03345 8.03846 8.04347 8.04847 8.05348 8.05849 8.06349 8.0685 8.07351 8.07852 8.08352 8.08853 8.09354 8.09854 8.10355 8.10856 8.11356 8.11857 8.12358 8.12859 8.13359 8.1386 8.14361 8.14861 8.15362 8.15863 8.16363 8.16864 8.17365 8.17866 8.18366 8.18867 8.19368 8.19868 8.20369 8.2087 8.2137
7.85821 7.86321 7.86822 7.87323 7.87824 7.88324 7.88825 7.89326 7.89826 7.90327 7.90828 7.91328 7.91829 7.9233 7.92831 7.93331 7.93832 7.94333 7.94833 7.95334 7.95835 7.96335 7.96836 7.97337 7.97838 7.98338 7.98839 7.9934 7.9984 8.00341 8.00842 8.01342 8.01843 8.02344 8.02845 8.03345 8.03846 8.04347 8.04847 8.05348 8.05849 8.06349 8.0685 8.07351 8.07852 8.08352 8.08853 8.09354 8.09854 8.10355 8.10856 8.11356 8.11857 8.12358 8.12859 8.13359 8.1386 8.14361 8.14861 8.15362 8.15863 8.16363 8.16864 8.17365 8.17866 8.18366 8.18867 8.19368 8.19868 8.20369 8.2087 8.2137
7.85821 7.86321 7.86822 7.87323 7.87824 7.88324 7.88825 7.89326 7.89826 7.90327 7.90828 7.91328 7.91829 7.9233 7.92831 7.93331 7.93832 7.94333 7.94833 7.95334 7.95835 7.96335 7.96836 7.97337 7.97838 7.98338 7.98839 7.9934 7.9984 8.00341 8.00842 8.01342 8.01843 8.02344 8.02845 8.03345 8.03846 8.04347 8.04847 8.05348 8.05849 8.06349 8.0685 8.07351 8.07852 8.08352 8.08853 8.09354 8.09854 8.10355 8.10856 8.11356 8.11857 8.12358 8.12859 8.13359 8.1386 8.14361 8.14861 8.15362 8.15863 8.16363 8.16864 8.17365 8.17866 8.18366 8.18867 8.19368 8.19868 8.20369 -9999 -9999
7.85821 7.86321 7.86822 7.87323 7.87824 7.88324 7.88825 7.89326 7.89826 7.90327 7.90828 7.91328 7.91829 7.9233 7.92831 7.93331 7.93832 7.94333 7.94833 7.95334 7.95835 7.96335 7.96836 7.97337 7.97838 7.98338 7.98839 7.9934 7.9984 8.00341 8.00842 8.01342 8.01843 8.02344 8.02845 8.03345 8.03846 8.04347 8.04847 8.05348 8.05849 8.06349 8.0685 8.07351 8.07852 8.08352 8.08853 8.09354 8.09854 8.10355 8.10856 8.11356 8.11857 8.12358 8.12859 8.13359 8.1386 8.14361 8.14861 8.15362 8.15863 8.16363 8.16864 8.17365 8.17866 8.18366 8.18867 8.19368 -9999 -9999 -9999 -9999
7.85821 7.86321 7.86822 7.87323 7.87824 7.88324 7.88825 7.89326 7.89826 7.90327 7.90828 7.91328 7.91829 7.9233 7.92831 7.93331 7.93832 7.94333 7.94833 7.95334 7.95835 7.96335 7.96836 7.97337 7.97838 7.98338 7.98839 7.9934 7.9984 8.00341 8.00842 8.01342 8.01843 8.02344 8.02845 8.03345 8.03846 8.04347 8.04847 8.05348 8.05849 8.06349 8.0685 8.07351 8.07852 8.08352 8.08853 8.09354 8.09854 8.10355 8.10856 8.11356 8.11857 8.12358 8.12859 8.13359 8.1386 8.14361 8.14861 8.15362 8.15863 8.16363 8.16864 8.17365 8.17866 8.18366 8.18867 -9999 -9999 -9999 -9999 -9999
7.85821 7.86321 7.86822 7.87323 7.87824 7.88324 7.88825 7.89326 7.89826 7.90327 7.90828 7.91328 7.91829 7.9233 7.92831 7.93331 7.93832 7.94333 7.94833 7.95334 7.95835 7.96335 7.96836 7.97337 7.97838 7.98338 7.98839 7.9934 7.9984 8.00341 8.00842 8.01342 8.01843 8.02344 8.02845 8.03345 8.03846 8.04347 8.04847 8.05348 8.05849 8.06349 8.0685 8.07351 8.07852 8.08352 8.08853 8.09354 8.09854 8.10355 8.10856 8.11356 8.11857 8.12358 8.12859 8.13359 8.1386 8.14361 8.14861 8.15362 8.15863 8.16363 8.16864 8.17365 8.17866 8.18366 -9999 -9999 -9999 -9999 -9999 -9999
7.85821 7.86321 7.86822 7.87323 7.87824 7.88324 7.88825 7.89326 7.89826 7.90327 7.90828 7.91328 7.91829 7.9233 7.92831 7.93331 7.93832 7.94333 7.94833 7.95334 7.95835 7.96335 7.96836 7.97337 7.97838 7.98338 7.98839 7.9934 7.9984 8.00341 8.00842 8.01342 8.01843 8.02344 8.02845 8.03345 8.03846 8.04347 8.04847 8.05348 8.05849 8.06349 8.0685 8.07351 8.07852 8.08352 8.08853 8.09354 8.09854 8.10355 8.10856 8.11356 8.11857 8.12358 8.12859 8.13359 8.1386 8.14361 8.14861 8.15362 8.15863 8.16363 8.16864 8.17365 8.17866 8.18366 -9999 -9999 -9999 -9999 -9999 -9999
7.85821 7.86321 7.86822 7.87323 7.87824 7.88324 7.88825 7.89326 7.89826 7.90327 7.90828 7.91328 7.91829 7.9233 7.92831 7.93331 7.93832 7.94333 7.94833 7.95334 7.95835 7.96335 7.96836 7.97337 7.97838 7.98338 7.98839 7.9934 7.9984 8.00341 8.00842 8.01342 8.01843 8.02344 8.02845 8.03345 8.03846 8.04347 8.04847 8.05348 8.05849 8.06349 8.0685 8.07351 8.07852 8.08352 8.08853 8.09354 8.09854 8.10355 8.10856 8.11356 8.11857 8.12358 8.12859 8.13359 8.1386 8.14361 8.14861 8.15362 8.15863 8.16363 8.16864 -9999 -9999 -9999 -9999 -9999 -9999 -9999 -9999 -9999
7.85821 7.86321 7.86822 7.87323 7.87824 7.88324 7.88825 7.89326 7.89826 7.90327 7.90828 7.91328 7.91829 7.9233 7.92831 7.93331 7.93832 7.94333 7.94833 7.95334 7.95835 7.96335 7.96836 7.97337 7.97838 7.98338 7.98839 7.9934 7.9984 8.00341 8.00842 8.01342 8.01843 8.02344 8.02845 8.03345 8.03846 8.04347 8.04847 8.05348 8.05849 8.06349 8.0685 8.07351 8.07852 8.08352 8.08853 8.09354 8.09854 8.10355 8.10856 8.11356 8.11857 8.12358 8.12859 8.13359 8.1386 8.14361 8.14861 8.15362 8.15863 8.16363 -9999 -9999 -9999 -9999 -9999 -9999 -9999 -9999 -9999 -9999
7.85821 7.86321 7.86822 7.87323 7.87824 7.88324 7.88825 7.89326 7.89826 7.90327 7.90828 7.91328 7.91829 7.9233 7.92831 7.93331 7.93832 7.94333 7.94833 7.95334 7.95835 7.96335 7.96836 7.97337 7.97838 7.98338 7.98839 7.9934 7.9984 8.00341 8.00842 8.01342 8.01843 8.02344 8.02845 8.03345 8.03846 8.04347 8.04847 8.05348 8.05849 8.06349 8.0685 8.07351 8.07852 8.08352 8.08853 8.09354 8.09854 8.10355 8.10856 8.11356 8.11857 8.12358 8.12859 8.13359 8.1386 8.14361 8.14861 8.15362 8.15863 -9999 -9999 -9999 -9999 -9999 -9999 -9999 -9999 -9999 -9999 -9999
7.85821 7.86321 7.86822 7.87323 7.87824 7.88324 7.88825 7.89326 7.89826 7.90327 7.90828 7.91328 7.91829 7.9233 7.92831 7.93331 7.93832 7.94333 7.94833 7.95334 7.95835 7.96335 7.96836 7.97337 7.97838 7.98338 7.98839 7.9934 7.9984 8.00341 8.00842 8.01342 8.01843 8.02344 8.02845 8.03345 8.03846 8.04347 8.04847 8.05348 8.05849 8.06349 8.0685 8.07351 8.07852 8.08352 8.08853 8.09354 8.09854 8.10355 8.10856 8.11356 8.11857 8.12358 8.12859 8.13359 8.1386 8.14361 8.14861 8.15362 -9999 -9999 -9999 -9999 -9999 -9999 -9999 -9999 -9999 -9999 -9999 -9999
7.85821 7.86321 7.86822 7.87323 7.87824 7.88324 7.88825 7.89326 7.89826 7.90327 7.90828 7.91328 7.91829 7.9233 7.92831 7.93331 7.93832 7.94333 7.94833 7.95334 7.95835 7.96335 7.96836 7.97337 7.97838 7.98338 7.98839 7.9934 7.9984 8.00341 8.00842 8.01342 8.01843 8.02344 8.02845 8.03345 8.03846 8.04347 8.04847 8.05348 8.05849 8.06349 8.0685 8.07351 8.07852 8.08352 8.08853 8.09354 8.09854 8.10355 8.10856 8.11356 8.11857 8.12358 8.12859 8.13359 8.1386 8.14361 8.14861 8.15362 -9999 -9999 -9999 -9999 -9999 -9999 -9999 -9999 -9999 -9999 -9999 -9999
7.85821 7.86321 7.86822 7.87323 7.87824 7.88324 7.88825 7.89326 7.89826 7.90327 7.90828 7.91328 7.91829 7.9233 7.92831 7.93331 7.93832 7.94333 7.94833 7.95334 7.95835 7.96335 7.96836 7.97337 7.97838 7.98338 7.98839 7.9934 7.9984 8.00341 8.00842 8.01342 8.01843 8.02344 8.02845 8.03345 8.03846 8.04347 8.04847 8.05348 8.05849 8.06349 8.0685 8.07351 8.07852 8.08352 8.08853 8.09354 8.09854 8.10355 8.10856 8.11356 8.11857 8.12358 8.12859 8.13359 8.1386 8.14361 8.14861 -9999 -9999 -9999 -9999 -9999 -9999 -9999 -9999 -9999 -9999 -9999 -9999 -9999
7.85821 7.86321 7.86822 7.87323 7.87824 7.88324 7.88825 7.89326 7.89826 7.90327 7.90828 7.91328 7.91829 7.9233 7.92831 7.93331 7.93832 7.94333 7.94833 7.95334 7.95835 7.96335 7.96836 7.97337 7.97838 7.98338 7.98839 7.9934 7.9984 8.00341 8.00842 8.01342 8.01843 8.02344 8.02845 8.03345 8.03846 8.04347 8.04847 8.05348 8.05849 8.06349 8.0685 8.07351 8.07852 8.08352 8.08853 8.09354 8.09854 8.10355 8.10856 8.11356 8.11857 8.12358 8.12859 8.13359 8.1386 8.14361 8.14861 -9999 -9999 -9999 -9999 -9999 -9999 -9999 -9999 -9999 -9999 -9999 -9999 -9999
7.85821 7.86321 7.86822 7.87323 7.87824 7.88324 7.88825 7.89326 7.89826 7.90327 7.90828 7.91328 7.91829 7.9233 7.92831 7.93331 7.93832 7.94333 7.94833 7.95334 7.95835 7.96335 7.96836 7.97337 7.97838 7.98338 7.98839 7.9934 7.9984 8.00341 8.00842 8.01342 8.01843 8.02344 8.02845 8.03345 8.03846 8.04347 8.04847 8.05348 8.05849 8.06349 8.0685 8.07351 8.07852 8.08352 8.08853 8.09354 8.09854 8.10355 8.10856 8.11356 8.11857 8.12358 8.12859 8.13359 8.1386 8.14361 8.14861 -9999 -9999 -9999 -9999 -9999 -9999 -9999 -9999 -9999 -9999 -9999 -9999 -9999
7.85821 7.86321 7.86822 7.87323 7.87824 7.88324 7.88825 7.89326 7.89826 7.90327 7.90828 7.91328 7.91829 7.9233 7.92831 7.93331 7.93832 7.94333 7.94833 7.95334 7.95835 7.96335 7.96836 7.97337 7.97838 7.98338 7.98839 7.9934 7.9984 8.00341 8.00842 8.01342 8.01843 8.02344 8.02845 8.03345 8.03846 8.04347 8.04847 8.05348 8.05849 8.06349 8.0685 8.07351 8.07852 8.08352 8.08853 8.09354 8.09854 8.10355 8.10856 8.11356 8.11857 8.12358 8.12859 8.13359 8.1386 8.14361 8.14861 -9999 -9999 -9999 -9999 -9999 -9999 -9999 -9999 -9999 -9999 -9999 -9999 -9999
7.85821 7.86321 7.86822 7.87323 7.87824 7.88324 7.88825 7.89326 7.89826 7.90327 7.90828 7.91328 7.91829 7.9233 7.92831 7.93331 7.93832 7.94333 7.94833 7.95334 7.95835 7.96335 7.96836 7.97337 7.97838 7.98338 7.98839 7.9934 7.9984 8.00341 8.00842 8.01342 8.01843 8.02344 8.02845 8.03345 8.03846 8.04347 8.04847 8.05348 8.05849 8.06349 8.0685 8.07351 8.07852 8.08352 8.08853 8.09354 8.09854 8.10355 8.10856 8.11356 8.11857 8.12358 8.12859 8.13359 8.1386 8.14361 8.14861 -9999 -9999 -9999 -9999 -9999 -9999 -9999 -9999 -9999 -9999 -9999 -9999 -9999
7.85821 7.86321 7.86822 7.87323 7.87824 7.88324 7.88825 7.89326 7.89826 7.90327 7.90828 7.91328 7.91829 7.9233 7.92831 7.93331 7.93832 7.94333 7.94833 7.95334 7.95835 7.96335 7.96836 7.97337 7.97838 7.98338 7.98839 7.9934 7.9984 8.00341 8.00842 8.01342 8.01843 8.02344 8.02845 8.03345 8.03846 8.04347 8.04847 8.05348 8.05849 8.06349 8.0685 8.07351 8.07852 8.08352 8.08853 8.09354 8.09854 8.10355 8.10856 8.11356 8.11857 8.12358 8.12859 8.13359 8.1386 8.14361 8.14861 -9999 -9999 -9999 -9999 -9999 -9999 -9999 -9999 -9999 -9999 -9999 -9999 -9999
7.85821 7.86321 7.86822 7.87323 7.87824 7.88324 7.88825 7.89326 7.89826 7.90327 7.90828 7.91328 7.91829 7.9233 7.92831 7.93331 7.93832 7.94333 7.94833 7.95334 7.95835 7.96335 7.96836 7.97337 7.97838 7.98338 7.98839 7.9934 7.9984 8.00341 8.00842 8.01342 8.01843 8.02344 8.02845 8.03345 8.03846 8.04347 8.04847 8.05348 8.05849 8.06349 8.0685 8.07351 8.07852 8.08352 8.08853 8.09354 8.09854 8.10355 8.10856 8.11356 8.11857 8.12358 8.12859 8.13359 8.1386 8.14361 8.14861 8.15362 -9999 -9999 -9999 -9999 -9999 -9999 -9999 -9999 -9999 -9999 -9999 -9999
7.85821 7.86321 7.86822 7.87323 7.87824 7.88324 7.88825 7.89326 7.89826 7.90327 7.90828 7.91328 7.91829 7.9233 7.92831 7.93331 7.93832 7.94333 7.94833 7.95334 7.95835 7.96335 7.96836 7.97337 7.97838 7.98338 7.98839 7.9934 7.9984 8.00341 8.00842 8.01342 8.01843 8.02344 8.02845 8.03345 8.03846 8.04347 8.04847 8.05348 8.05849 8.06349 8.0685 8.07351 8.07852 8.08352 8.08853 8.09354 8.09854 8.10355 8.10856 8.11356 8.11857 8.12358 8.12859 8.13359 8.1386 8.14361 -9999 -9999 -9999 -9999 -9999 -9999 -9999 -9999 -9999 -9999 -9999 -9999 -9999 -9999
7.85821 7.86321 7.86822 7.87323 7.87824 7.88324 7.88825 7.89326 7.89826 7.90327 7.90828 7.91328 7.91829 7.9233 7.92831 7.93331 7.93832 7.94333 7.94833 7.95334 7.95835 7.96335 7.96836 7.97337 7.97838 7.98338 7.98839 7.9934 7.9984 8.00341 8.00842 8.01342 8.01843 8.02344 8.02845 8.03345 8.03846 8.04347 8.04847 8.05348 8.05849 8.06349 8.0685 8.07351 8.07852 8.08352 8.08853 8.09354 8.09854 8.10355 8.10856 8.11356 8.11857 8.12358 8.12859 -9999 -9999 -9999 -9999 -9999 -9999 -9999 -9999 -9999 -9999 -9999 -9999 -9999 -9999 -9999 -9999 -9999
