docker_testcase/datasets_hmc/static_data/gridded/liguria/liguria.beta.txt
ncols	         559
nrows	         167
xllcorner	   7.49520000000000     
yllcorner	   43.7565000000000     
cellsize    5.007000000000000E-003
NODATA_value  -9999
[rows 56 to 83 of 167, columns 126 to 188 of 559]
0.005170 0.023756 0.007639 0.003950 0.000352 0.003150 0.003833 0.090332 0.197388 0.162801 0.230538 0.301849 0.339800 0.055414 0.138197 0.145453 0.128625 0.155753 0.303817 0.253184 0.124762 0.137767 0.111315 0.040474 0.218953 0.241865 0.164466 0.149092 0.011213 0.139987 0.121913 0.130656 0.153534 0.081923 0.098441 0.070133 0.021589 0.049134 0.143782 0.035916 0.168445 0.272393 0.237771 0.269518 0.209089 0.129157 0.240111 0.371569 0.193465 0.188639 0.289181 0.304484 0.229167 0.017108 0.028962 0.061493 0.199778 0.246326 0.156761 0.043774 0.072188 0.108865 0.070739
0.126998 0.363111 0.333727 0.173038 0.194407 0.137143 0.030301 0.277945 0.249209 0.345299 0.295244 0.223944 0.145653 0.009672 0.153642 0.356777 0.294487 0.180253 0.335675 0.174686 0.133499 0.273342 0.140393 0.202555 0.165618 0.124269 0.235441 0.103758 0.011190 0.224655 0.185433 0.242060 0.230342 0.084714 0.008963 0.008963 0.160991 0.215998 0.193746 0.092504 0.256605 0.271987 0.217378 0.237771 0.260860 0.224851 0.076994 0.068619 0.353507 0.385306 0.376403 0.289370 0.304672 0.324661 0.246339 0.030830 0.037515 0.252774 0.184250 0.145049 0.086150 0.109274 0.087790
0.214618 0.288849 0.374330 0.386548 0.347493 0.212386 0.085023 0.205725 0.262980 0.196998 0.185009 0.181453 0.069925 0.000345 0.019004 0.228971 0.183033 0.205527 0.335024 0.206795 0.240696 0.265604 0.160589 0.223477 0.234646 0.201167 0.199580 0.024540 0.031601 0.211263 0.141000 0.296378 0.311239 0.200969 0.008963 0.019832 0.223673 0.171425 0.169434 0.000826 0.167225 0.220724 0.290509 0.294879 0.225610 0.242475 0.199183 0.061007 0.064450 0.027095 0.136947 0.124152 0.096804 0.193043 0.281381 0.119807 0.023850 0.169635 0.177659 0.087724 0.163607 0.091203 0.098153
0.172043 0.254678 0.209682 0.329478 0.369512 0.307271 0.120158 0.173269 0.296000 0.201167 0.100282 0.084824 0.148214 0.136337 0.000405 0.095166 0.221904 0.214758 0.291398 0.237966 0.274019 0.317405 0.309553 0.354598 0.302619 0.308996 0.210077 0.027791 0.158774 0.182044 0.110580 0.006611 0.059434 0.000584 0.000413 0.032427 0.079789 0.154543 0.098442 0.108457 0.138770 0.186645 0.327053 0.387256 0.330587 0.349501 0.239136 0.211065 0.061038 0.144239 0.015923 0.055315 0.083688 0.155350 0.011933 0.012296 0.010866 0.008791 0.147273 0.220724 0.122117 1.503433 1.522984
0.348223 0.311116 0.260155 0.347676 0.315347 0.356361 0.241086 0.177943 0.266828 0.165746 0.217772 0.332804 0.200209 0.199183 0.002233 0.075681 0.171851 0.178367 0.212945 0.326330 0.351506 0.332250 0.377475 0.387788 0.303732 0.202555 0.027003 0.098032 0.228661 0.260667 0.008243 0.010110 0.047279 0.000413 0.000385 0.178453 0.074517 0.153534 0.014755 0.028918 0.158172 0.364735 0.298833 0.085132 0.199580 0.014528 0.026790 0.030469 0.104371 0.184649 0.017531 0.015343 0.014483 0.013705 0.011933 0.062728 0.051089 0.022723 0.003700 0.504469 0.057787 1.522834 0.000000
0.175450 0.197823 0.234750 0.239526 0.240684 0.322329 0.310115 0.217575 0.361228 0.332804 0.253516 0.209872 0.227691 0.227991 0.039649 0.003701 0.121302 0.112539 0.226165 0.241924 0.254964 0.236990 0.109478 0.008441 0.009333 0.019609 0.028209 0.094968 0.098441 0.007597 0.024788 0.092709 0.105802 0.000421 0.020597 0.110498 0.153332 0.100323 0.067871 0.067048 0.134919 0.402221 0.344568 0.091275 0.066874 0.146464 0.243812 0.307302 0.288421 0.050933 0.078762 0.184649 0.289940 0.209880 0.160589 0.275842 0.161195 0.094100 0.036967 0.031601 0.000465 1.522559 0.000000
0.027121 0.159380 0.200175 0.158916 0.201167 0.229493 0.213503 0.346031 0.246339 0.247117 0.130656 0.144641 0.212448 0.091889 0.012668 0.015288 0.188440 0.181478 0.220724 0.193746 0.125982 0.008544 0.006182 0.135528 0.240111 0.260860 0.163205 0.035531 0.020452 0.238746 0.310303 0.048466 0.100323 0.070955 0.021691 0.146060 0.088304 0.046660 0.106210 0.226720 0.312175 0.369385 0.161998 0.051925 0.146262 0.249484 0.234336 0.237381 0.047937 0.052874 0.168729 0.243617 0.211688 0.199580 0.230342 0.224361 0.173977 0.142208 0.082068 0.049923 1.522674 0.000000 0.000000
0.039236 0.012998 0.004596 0.166823 0.179640 0.169233 0.237381 0.237788 0.193043 0.217969 0.191229 0.167627 0.139582 0.041304 0.143835 0.115598 0.131168 0.247150 0.225471 0.198984 0.009499 0.061904 0.241086 0.238478 0.275372 0.186046 0.037525 0.222101 0.328183 0.296378 0.328553 0.072188 0.123981 0.089754 0.000826 0.085535 0.104984 0.171641 0.127432 0.315083 0.209033 0.203745 0.066149 0.267406 0.320014 0.210077 0.203547 0.040255 0.053778 0.217181 0.240684 0.261519 0.306739 0.316286 0.257561 0.227552 0.197963 0.157777 0.063758 0.050944 1.522726 0.000000 0.000000
0.202313 0.194215 0.005014 0.042743 0.172418 0.215874 0.059974 0.169635 0.245368 0.289750 0.250222 0.077119 0.057185 0.121913 0.120959 0.240111 0.184849 0.150910 0.086765 0.071366 0.039739 0.110580 0.271716 0.238478 0.221118 0.104576 0.025936 0.204537 0.275643 0.211269 0.263835 0.156963 0.201893 0.123981 0.067459 0.155924 0.139630 0.190931 0.271245 0.291646 0.130453 0.114619 0.135122 0.247974 0.349501 0.127812 0.173410 0.306927 0.360038 0.297134 0.241670 0.330218 0.448493 0.313894 0.234059 0.177518 0.168832 0.118655 0.079789 0.044392 0.000465 0.000000 0.000000
0.152323 0.185715 0.167426 0.016299 0.018062 0.213632 0.158062 0.177376 0.215210 0.302791 0.169836 0.095668 0.235623 0.149092 0.030982 0.217575 0.276184 0.211409 0.156209 0.040740 0.067665 0.159771 0.268366 0.285761 0.053857 0.251404 0.213434 0.022547 0.200969 0.237381 0.312836 0.274311 0.322724 0.227136 0.143227 0.242475 0.358771 0.326267 0.279473 0.281720 0.185009 0.148082 0.082252 0.220528 0.331632 0.318897 0.320758 0.328553 0.264135 0.300754 0.269274 0.225194 0.203995 0.204975 0.211263 0.105526 0.047279 0.011923 0.011211 0.511329 1.522723 0.000000 0.000000
0.153329 0.149900 0.143782 0.138772 0.162333 0.100901 0.033459 0.251579 0.296756 0.335024 0.228384 0.097539 0.263154 0.190831 0.175250 0.236822 0.257561 0.281952 0.173045 0.064356 0.254871 0.214200 0.141492 0.138974 0.047897 0.208100 0.228523 0.116413 0.086854 0.212250 0.228971 0.247893 0.303550 0.343986 0.313671 0.233783 0.294746 0.410414 0.293541 0.314951 0.268051 0.158062 0.154543 0.123693 0.321875 0.264924 0.339447 0.321317 0.320014 0.260155 0.158489 0.158062 0.116638 0.094961 0.017669 0.014553 0.018849 0.047691 0.094757 0.042330 1.503106 1.522920 0.000000
0.185854 0.219773 0.065649 0.098441 0.204555 0.210275 0.103963 0.108049 0.236014 0.260837 0.271580 0.187443 0.301420 0.423884 0.394674 0.296000 0.196203 0.214618 0.049075 0.099873 0.219913 0.225833 0.103349 0.038113 0.193618 0.266692 0.255511 0.102327 0.158373 0.237650 0.216292 0.313101 0.294478 0.354416 0.405191 0.352780 0.356104 0.257192 0.308991 0.368749 0.358771 0.226618 0.172444 0.205725 0.283667 0.356777 0.278136 0.150644 0.159783 0.231293 0.128438 0.136947 0.019878 0.017659 0.042197 0.005578 0.222691 0.232691 0.145499 0.086355 0.130306 1.523343 0.000000
0.173977 0.201332 0.106823 0.196601 0.161764 0.076092 0.273354 0.217969 0.211129 0.232495 0.294612 0.319269 0.258654 0.297018 0.297552 0.317592 0.201366 0.175450 0.064212 0.094757 0.255374 0.183456 0.165888 0.138772 0.217407 0.334096 0.290325 0.227991 0.234060 0.257561 0.284048 0.276607 0.168230 0.124614 0.304672 0.362569 0.323906 0.181253 0.188677 0.238356 0.079584 0.195408 0.225471 0.302791 0.336491 0.303417 0.303544 0.267598 0.091479 0.092914 0.026108 0.027048 0.101305 0.206319 0.240696 0.196799 0.256605 0.179923 0.141349 0.187443 0.235579 1.523776 0.000000
0.187243 0.217267 0.237771 0.204339 0.269134 0.260667 0.248670 0.281571 0.370492 0.255838 0.282259 0.319040 0.284279 0.191494 0.366205 0.404956 0.386547 0.310189 0.231517 0.322246 0.321409 0.281180 0.265675 0.293730 0.343857 0.326330 0.406063 0.326145 0.295013 0.317986 0.262402 0.239526 0.311052 0.276033 0.140825 0.165888 0.235165 0.075604 0.170006 0.225440 0.044676 0.074243 0.277941 0.171842 0.240501 0.307669 0.238356 0.287091 0.081922 0.154926 0.192822 0.296189 0.329108 0.334833 0.294676 0.267982 0.249252 0.265468 1.504632 1.523739 1.523635 1.523487 0.000000
0.159628 0.303167 0.337779 0.357502 0.318151 0.301284 0.223084 0.101305 0.036584 0.169434 0.161195 0.226814 0.345151 0.325403 0.292604 0.283858 0.282932 0.266828 0.245562 0.478220 0.526480 0.413884 0.320572 0.340351 0.279021 0.265468 0.308428 0.331501 0.327839 0.341524 0.265483 0.305612 0.360943 0.292336 0.146060 0.086822 0.104440 0.090679 0.193465 0.232495 0.197793 0.052019 0.080815 0.069111 0.067459 0.192339 0.253458 0.288849 0.302979 0.320386 0.377653 0.312439 0.346762 0.265290 0.349136 0.305236 0.091479 1.503925 1.524019 0.000000 0.000000 0.000000 0.000000
0.013039 0.018734 0.023332 0.020319 0.016349 0.018754 0.035624 0.037629 0.152727 0.069121 0.068948 0.086776 0.130250 0.090455 0.375595 0.448829 0.451509 0.326922 0.386923 0.323380 0.118221 0.308240 0.315913 0.352416 0.279091 0.233368 0.201333 0.256468 0.276860 0.398541 0.237771 0.310677 0.320014 0.316007 0.234060 0.210670 0.088228 0.069294 0.260667 0.215604 0.295811 0.179499 0.112743 0.141203 0.052427 0.103963 0.183651 0.189237 0.341636 0.228384 0.172985 0.140633 0.040267 0.098646 0.081487 1.503248 1.523020 1.523015 0.000000 0.000000 0.000000 0.000000 0.000000
0.094679 0.143632 0.211263 0.115802 0.189237 0.078557 0.173977 0.236209 0.111158 0.067048 0.247700 0.207111 0.161052 0.217772 0.372557 0.251390 0.365636 0.379257 0.324104 0.150191 0.118221 0.112055 0.091884 0.143430 0.358771 0.322432 0.173448 0.324475 0.283096 0.254484 0.206319 0.114331 0.096599 0.344934 0.311248 0.219913 0.219347 0.071923 0.067139 0.154946 0.114171 0.183033 0.161193 0.161998 0.024474 0.128582 0.131455 0.087585 0.119231 0.185433 0.072628 0.075271 0.005165 0.078352 0.137150 1.522650 0.000000 0.000000 0.000000 0.000000 0.000000 0.000000 0.000000
0.184586 0.229908 0.254871 0.283667 0.266012 0.214026 0.216989 0.253321 0.316007 0.215013 0.345410 0.322246 0.405202 0.437198 0.398024 0.191064 0.179053 0.386171 0.396160 0.514193 0.469777 0.218103 0.292025 0.091815 0.085130 0.115991 0.113066 0.266060 0.332066 0.233278 0.176852 0.210850 0.090660 0.121098 0.222416 0.266828 0.246601 0.188240 0.034726 0.113151 0.074226 0.134513 0.128828 0.289370 0.013865 0.121506 0.145499 0.168230 0.144037 0.059846 0.022930 0.028919 0.137150 0.211460 0.071366 1.522660 0.000000 0.000000 0.000000 0.000000 0.000000 0.000000 0.000000
0.176852 0.233473 0.227691 0.294676 0.245226 0.250416 0.248282 0.269545 0.306740 0.251192 0.300754 0.387611 0.318338 0.220134 0.174741 0.152103 0.134672 0.312736 0.450505 0.416997 0.304860 0.332250 0.250855 0.192058 0.155955 0.149092 0.078293 0.051196 0.071161 0.186046 0.073027 0.387611 0.280236 0.135402 0.208298 0.230878 0.217128 0.195408 0.108661 0.028147 0.121302 0.099669 0.063962 0.237576 0.160589 0.010903 0.201564 0.261824 0.187690 0.205725 0.219347 0.120081 0.049134 0.028092 0.104804 1.522948 0.000000 0.000000 0.000000 0.000000 0.000000 0.000000 0.000000
0.128218 0.083688 0.085535 0.227991 0.305612 0.333542 0.253516 0.155496 0.126185 0.248282 0.345151 0.263365 0.374973 0.277180 0.282528 0.311052 0.120502 0.120093 0.304296 0.341265 0.364548 0.388176 0.435278 0.392299 0.346574 0.251129 0.297700 0.170036 0.009922 0.071908 0.077741 0.081464 0.263750 0.084313 0.086854 0.153938 0.190632 0.220528 0.047073 0.009719 0.214618 0.168019 0.086419 0.175450 0.264713 0.014300 0.226814 0.189436 0.082047 0.196558 0.283067 0.220608 0.126592 0.132687 0.189436 1.523438 0.000000 0.000000 0.000000 0.000000 0.000000 0.000000 0.000000
0.201191 0.262473 0.267021 0.252500 0.243576 0.143227 0.092299 0.172701 0.169297 0.310115 0.376403 0.195037 0.180858 0.361304 0.389734 0.282394 0.266828 0.183033 0.101618 0.257151 0.338668 0.355869 0.378546 0.308428 0.408775 0.364194 0.399389 0.353921 0.362569 0.274120 0.179053 0.036229 0.056143 0.053610 0.174248 0.194812 0.173552 0.218166 0.084509 0.007968 0.283096 0.114171 0.117229 0.023809 0.163607 0.012955 0.295811 0.081842 0.102636 0.134756 0.116205 0.173552 0.157492 0.169836 0.066020 1.522933 0.000000 0.000000 0.000000 0.000000 0.000000 0.000000 0.000000
0.288580 0.235994 0.296484 0.250992 0.321409 0.253710 0.170858 0.198786 0.095576 0.263154 0.453971 0.425428 0.327257 0.176182 0.139380 0.177518 0.218953 0.076416 0.084645 0.180253 0.271444 0.207111 0.292215 0.287471 0.283606 0.298644 0.251579 0.281180 0.290057 0.246876 0.236960 0.172845 0.044392 0.013191 0.198190 0.288581 0.227830 0.218103 0.338698 0.028165 0.234060 0.137353 0.113322 0.182252 0.166020 0.001198 0.248282 0.000826 0.043567 0.077941 0.120488 0.036070 0.177518 0.311239 0.112131 1.522855 0.000000 0.000000 0.000000 0.000000 0.000000 0.000000 0.000000
0.127431 0.237966 0.290319 0.299210 0.210275 0.079019 0.156761 0.244590 0.199183 0.309526 0.421254 0.378367 0.402396 0.182253 0.178171 0.134370 0.163668 0.247562 0.314606 0.036677 0.215013 0.286141 0.166823 0.184445 0.251967 0.299210 0.230734 0.249640 0.203575 0.188639 0.200969 0.113033 0.101190 0.015495 0.002993 0.232691 0.210431 0.134919 0.332804 0.048532 0.243422 0.109426 0.126592 0.111735 0.291836 0.000465 0.159179 0.064194 0.087585 0.059100 0.091479 0.045836 0.064631 0.299399 0.063139 1.523452 0.000000 0.000000 0.000000 0.000000 0.000000 0.000000 0.000000
0.000825 0.039441 0.091684 0.124700 0.072622 0.239916 0.212665 0.163187 0.208054 0.332250 0.321503 0.257331 0.251071 0.389557 0.568345 0.134370 0.374436 0.474643 0.447698 0.252354 0.051124 0.069310 0.094757 0.222887 0.293162 0.230734 0.210077 0.232300 0.207075 0.226422 0.175536 0.172243 0.261928 0.246145 0.002738 0.119877 0.271580 0.098876 0.253710 0.060281 0.279854 0.151501 0.031400 0.196980 0.309924 0.239721 0.048436 0.101918 0.216590 0.112743 0.082793 0.078762 0.094552 1.504577 1.523827 1.523795 0.000000 0.000000 0.000000 0.000000 0.000000 0.000000 0.000000
0.004640 0.009311 0.039030 0.038060 0.148216 0.224262 0.259702 0.330773 0.293943 0.354961 0.288849 0.284414 0.389557 0.481177 0.550682 0.524160 0.516070 0.317854 0.417476 0.457034 0.382108 0.049401 0.121103 0.187642 0.143353 0.177452 0.268750 0.181478 0.147879 0.012603 0.242254 0.255065 0.194414 0.266829 0.054079 0.003288 0.241281 0.306342 0.174047 0.034810 0.229754 0.194016 0.132460 0.269274 0.219937 0.063932 0.196998 0.226814 1.504417 1.523854 1.523790 1.523698 1.523696 1.523682 0.000000 0.000000 0.000000 0.000000 0.000000 0.000000 0.000000 0.000000 0.000000
0.035727 0.053419 0.024763 0.027203 0.034090 0.049965 0.060079 0.069293 0.151516 0.097827 0.108253 0.224655 0.294865 0.192058 0.257971 0.269138 0.375848 0.417842 0.313365 0.214479 0.329279 0.285000 0.039481 0.055033 0.035738 0.032686 0.010562 0.107982 0.212945 0.077325 0.097418 0.016069 0.095576 0.212386 0.159783 0.000620 0.003974 0.133905 0.166221 0.023851 0.205923 0.260837 0.191030 0.258157 0.530697 1.502931 1.523454 1.523822 1.523749 0.000000 0.000000 0.000000 0.000000 0.000000 0.000000 0.000000 0.000000 0.000000 0.000000 0.000000 0.000000 0.000000 0.000000
0.055109 0.046863 0.078762 0.051401 0.032568 0.019626 0.072599 0.156559 0.177801 0.117646 0.200771 0.332676 0.337779 0.247311 0.223477 0.166020 0.236498 0.204058 0.171514 0.149555 0.217824 0.231154 0.247013 0.210077 0.195012 0.182053 0.008883 0.034490 0.241086 0.183033 0.111013 0.108865 0.000584 0.100691 0.154341 0.260667 0.128015 0.021212 0.016777 0.000465 0.063139 1.503552 1.523459 1.523173 0.000465 1.522793 0.000000 0.000000 0.000000 0.000000 0.000000 0.000000 0.000000 0.000000 0.000000 0.000000 0.000000 0.000000 0.000000 0.000000 0.000000 0.000000 0.000000
0.111111 0.001653 0.029950 0.129031 0.167426 0.020452 0.084509 0.150910 0.316473 0.290698 0.288044 0.308863 0.444964 0.454915 0.446142 0.320488 0.264652 0.262609 0.230734 0.223477 0.142171 0.125180 0.080904 0.047018 0.026027 0.114579 0.208693 0.018950 0.021775 0.154139 0.249209 0.192902 0.147071 0.000620 0.270286 0.209313 0.322246 0.310677 0.172276 0.111315 0.000465 1.522639 0.000000 0.000000 0.000000 0.000000 0.000000 0.000000 0.000000 0.000000 0.000000 0.000000 0.000000 0.000000 0.000000 0.000000 0.000000 0.000000 0.000000 0.000000 0.000000 0.000000 0.000000
