docker_testcase/datasets_hmc/static_data/gridded/liguria/liguria.lat.txt
ncols          559
nrows          167
xllcorner       7.4952
yllcorner      43.7565
cellsize     0.005007
NODATA_value        -9999
[rows 128 to 159 of 167, columns 0 to 70 of 559]
-9999 -9999 -9999 -9999 -9999 -9999 -9999 -9999 -9999 -9999 -9999 -9999 -9999 -9999 -9999 -9999 -9999 -9999 -9999 43.9493 43.9493 43.9493 43.9493 43.9493 43.9493 43.9493 43.9493 43.9493 43.9493 43.9493 43.9493 43.9493 43.9493 43.9493 43.9493 43.9493 43.9493 43.9493 43.9493 43.9493 43.9493 43.9493 43.9493 43.9493 43.9493 43.9493 43.9493 43.9493 43.9493 43.9493 43.9493 43.9493 43.9493 43.9493 43.9493 43.9493 43.9493 43.9493 43.9493 43.9493 43.9493 43.9493 43.9493 43.9493 43.9493 43.9493 43.9493 43.9493 43.9493 43.9493 43.9493
-9999 -9999 -9999 -9999 -9999 -9999 -9999 -9999 -9999 -9999 -9999 -9999 -9999 -9999 -9999 -9999 -9999 -9999 43.9443 43.9443 43.9443 43.9443 43.9443 43.9443 43.9443 43.9443 43.9443 43.9443 43.9443 43.9443 43.9443 43.9443 43.9443 43.9443 43.9443 43.9443 43.9443 43.9443 43.9443 43.9443 43.9443 43.9443 43.9443 43.9443 43.9443 43.9443 43.9443 43.9443 43.9443 43.9443 43.9443 43.9443 43.9443 43.9443 43.9443 43.9443 43.9443 43.9443 43.9443 43.9443 43.9443 43.9443 43.9443 43.9443 43.9443 43.9443 43.9443 43.9443 43.9443 43.9443 43.9443
-9999 -9999 -9999 -9999 -9999 -9999 -9999 -9999 -9999 -9999 -9999 -9999 -9999 -9999 -9999 -9999 43.9393 43.9393 43.9393 43.9393 43.9393 43.9393 43.9393 43.9393 43.9393 43.9393 43.9393 43.9393 43.9393 43.9393 43.9393 43.9393 43.9393 43.9393 43.9393 43.9393 43.9393 43.9393 43.9393 43.9393 43.9393 43.9393 43.9393 43.9393 43.9393 43.9393 43.9393 43.9393 43.9393 43.9393 43.9393 43.9393 43.9393 43.9393 43.9393 43.9393 43.9393 43.9393 43.9393 43.9393 43.9393 43.9393 43.9393 43.9393 43.9393 43.9393 43.9393 43.9393 43.9393 43.9393 43.9393
-9999 -9999 -9999 -9999 -9999 -9999 -9999 -9999 -9999 -9999 -9999 -9999 -9999 -9999 -9999 -9999 43.9342 43.9342 43.9342 43.9342 43.9342 43.9342 43.9342 43.9342 43.9342 43.9342 43.9342 43.9342 43.9342 43.9342 43.9342 43.9342 43.9342 43.9342 43.9342 43.9342 43.9342 43.9342 43.9342 43.9342 43.9342 43.9342 43.9342 43.9342 43.9342 43.9342 43.9342 43.9342 43.9342 43.9342 43.9342 43.9342 43.9342 43.9342 43.9342 43.9342 43.9342 43.9342 43.9342 43.9342 43.9342 43.9342 43.9342 43.9342 43.9342 43.9342 43.9342 43.9342 43.9342 43.9342 43.9342
-9999 -9999 -9999 -9999 -9999 -9999 -9999 -9999 -9999 -9999 -9999 -9999 -9999 -9999 -9999 -9999 43.9292 43.9292 43.9292 43.9292 43.9292 43.9292 43.9292 43.9292 43.9292 43.9292 43.9292 43.9292 43.9292 43.9292 43.9292 43.9292 43.9292 43.9292 43.9292 43.9292 43.9292 43.9292 43.9292 43.9292 43.9292 43.9292 43.9292 43.9292 43.9292 43.9292 43.9292 43.9292 43.9292 43.9292 43.9292 43.9292 43.9292 43.9292 43.9292 43.9292 43.9292 43.9292 43.9292 43.9292 43.9292 43.9292 43.9292 43.9292 43.9292 43.9292 43.9292 43.9292 43.9292 43.9292 43.9292
-9999 -9999 -9999 -9999 -9999 -9999 -9999 -9999 -9999 -9999 -9999 -9999 -9999 -9999 -9999 -9999 43.9242 43.9242 43.9242 43.9242 43.9242 43.9242 43.9242 43.9242 43.9242 43.9242 43.9242 43.9242 43.9242 43.9242 43.9242 43.9242 43.9242 43.9242 43.9242 43.9242 43.9242 43.9242 43.9242 43.9242 43.9242 43.9242 43.9242 43.9242 43.9242 43.9242 43.9242 43.9242 43.9242 43.9242 43.9242 43.9242 43.9242 43.9242 43.9242 43.9242 43.9242 43.9242 43.9242 43.9242 43.9242 43.9242 43.9242 43.9242 43.9242 43.9242 43.9242 43.9242 43.9242 43.9242 43.9242
-9999 -9999 -9999 -9999 -9999 -9999 -9999 -9999 -9999 -9999 -9999 -9999 -9999 -9999 -9999 -9999 43.9192 43.9192 43.9192 43.9192 43.9192 43.9192 43.9192 43.9192 43.9192 43.9192 43.9192 43.9192 43.9192 43.9192 43.9192 43.9192 43.9192 43.9192 43.9192 43.9192 43.9192 43.9192 43.9192 43.9192 43.9192 43.9192 43.9192 43.9192 43.9192 43.9192 43.9192 43.9192 43.9192 43.9192 43.9192 43.9192 43.9192 43.9192 43.9192 43.9192 43.9192 43.9192 43.9192 43.9192 43.9192 43.9192 43.9192 43.9192 43.9192 43.9192 43.9192 43.9192 43.9192 43.9192 43.9192
-9999 -9999 -9999 -9999 -9999 -9999 -9999 -9999 -9999 -9999 -9999 -9999 -9999 -9999 -9999 43.9142 43.9142 43.9142 43.9142 43.9142 43.9142 43.9142 43.9142 43.9142 43.9142 43.9142 43.9142 43.9142 43.9142 43.9142 43.9142 43.9142 43.9142 43.9142 43.9142 43.9142 43.9142 43.9142 43.9142 43.9142 43.9142 43.9142 43.9142 43.9142 43.9142 43.9142 43.9142 43.9142 43.9142 43.9142 43.9142 43.9142 43.9142 43.9142 43.9142 43.9142 43.9142 43.9142 43.9142 43.9142 43.9142 43.9142 43.9142 43.9142 43.9142 43.9142 43.9142 43.9142 43.9142 43.9142 43.9142
-9999 -9999 -9999 -9999 -9999 -9999 -9999 -9999 -9999 -9999 -9999 -9999 -9999 -9999 -9999 43.9092 43.9092 43.9092 43.9092 43.9092 43.9092 43.9092 43.9092 43.9092 43.9092 43.9092 43.9092 43.9092 43.9092 43.9092 43.9092 43.9092 43.9092 43.9092 43.9092 43.9092 43.9092 43.9092 43.9092 43.9092 43.9092 43.9092 43.9092 43.9092 43.9092 43.9092 43.9092 43.9092 43.9092 43.9092 43.9092 43.9092 43.9092 43.9092 43.9092 43.9092 43.9092 43.9092 43.9092 43.9092 43.9092 43.9092 43.9092 43.9092 43.9092 43.9092 43.9092 43.9092 43.9092 43.9092 43.9092
-9999 -9999 -9999 -9999 -9999 -9999 -9999 -9999 -9999 -9999 -9999 -9999 -9999 -9999 -9999 43.9042 43.9042 43.9042 43.9042 43.9042 43.9042 43.9042 43.9042 43.9042 43.9042 43.9042 43.9042 43.9042 43.9042 43.9042 43.9042 43.9042 43.9042 43.9042 43.9042 43.9042 43.9042 43.9042 43.9042 43.9042 43.9042 43.9042 43.9042 43.9042 43.9042 43.9042 43.9042 43.9042 43.9042 43.9042 43.9042 43.9042 43.9042 43.9042 43.9042 43.9042 43.9042 43.9042 43.9042 43.9042 43.9042 43.9042 43.9042 43.9042 43.9042 43.9042 43.9042 43.9042 43.9042 43.9042 43.9042
-9999 -9999 -9999 -9999 -9999 -9999 -9999 -9999 -9999 -9999 -9999 -9999 -9999 -9999 -9999 43.8992 43.8992 43.8992 43.8992 43.8992 43.8992 43.8992 43.8992 43.8992 43.8992 43.8992 43.8992 43.8992 43.8992 43.8992 43.8992 43.8992 43.8992 43.8992 43.8992 43.8992 43.8992 43.8992 43.8992 43.8992 43.8992 43.8992 43.8992 43.8992 43.8992 43.8992 43.8992 43.8992 43.8992 43.8992 43.8992 43.8992 43.8992 43.8992 43.8992 43.8992 43.8992 43.8992 43.8992 43.8992 43.8992 43.8992 43.8992 43.8992 43.8992 43.8992 43.8992 43.8992 43.8992 43.8992 43.8992
-9999 -9999 -9999 -9999 -9999 -9999 -9999 -9999 -9999 -9999 -9999 -9999 -9999 -9999 43.8942 43.8942 43.8942 43.8942 43.8942 43.8942 43.8942 43.8942 43.8942 43.8942 43.8942 43.8942 43.8942 43.8942 43.8942 43.8942 43.8942 43.8942 43.8942 43.8942 43.8942 43.8942 43.8942 43.8942 43.8942 43.8942 43.8942 43.8942 43.8942 43.8942 43.8942 43.8942 43.8942 43.8942 43.8942 43.8942 43.8942 43.8942 43.8942 43.8942 43.8942 43.8942 43.8942 43.8942 43.8942 43.8942 43.8942 43.8942 43.8942 43.8942 43.8942 43.8942 43.8942 43.8942 43.8942 43.8942 43.8942
-9999 -9999 -9999 -9999 -9999 -9999 -9999 -9999 -9999 -9999 43.8892 43.8892 43.8892 43.8892 43.8892 43.8892 43.8892 43.8892 43.8892 43.8892 43.8892 43.8892 43.8892 43.8892 43.8892 43.8892 43.8892 43.8892 43.8892 43.8892 43.8892 43.8892 43.8892 43.8892 43.8892 43.8892 43.8892 43.8892 43.8892 43.8892 43.8892 43.8892 43.8892 43.8892 43.8892 43.8892 43.8892 43.8892 43.8892 43.8892 43.8892 43.8892 43.8892 43.8892 43.8892 43.8892 43.8892 43.8892 43.8892 43.8892 43.8892 43.8892 43.8892 43.8892 43.8892 43.8892 43.8892 43.8892 43.8892 43.8892 43.8892
-9999 -9999 -9999 -9999 -9999 -9999 -9999 -9999 43.8842 43.8842 43.8842 43.8842 43.8842 43.8842 43.8842 43.8842 43.8842 43.8842 43.8842 43.8842 43.8842 43.8842 43.8842 43.8842 43.8842 43.8842 43.8842 43.8842 43.8842 43.8842 43.8842 43.8842 43.8842 43.8842 43.8842 43.8842 43.8842 43.8842 43.8842 43.8842 43.8842 43.8842 43.8842 43.8842 43.8842 43.8842 43.8842 43.8842 43.8842 43.8842 43.8842 43.8842 43.8842 43.8842 43.8842 43.8842 43.8842 43.8842 43.8842 43.8842 43.8842 43.8842 43.8842 43.8842 43.8842 43.8842 43.8842 43.8842 43.8842 43.8842 43.8842
-9999 -9999 -9999 -9999 -9999 -9999 43.8792 43.8792 43.8792 43.8792 43.8792 43.8792 43.8792 43.8792 43.8792 43.8792 43.8792 43.8792 43.8792 43.8792 43.8792 43.8792 43.8792 43.8792 43.8792 43.8792 43.8792 43.8792 43.8792 43.8792 43.8792 43.8792 43.8792 43.8792 43.8792 43.8792 43.8792 43.8792 43.8792 43.8792 43.8792 43.8792 43.8792 43.8792 43.8792 43.8792 43.8792 43.8792 43.8792 43.8792 43.8792 43.8792 43.8792 43.8792 43.8792 43.8792 43.8792 43.8792 43.8792 43.8792 43.8792 43.8792 43.8792 43.8792 43.8792 43.8792 43.8792 43.8792 43.8792 43.8792 43.8792
-9999 -9999 -9999 -9999 43.8742 43.8742 43.8742 43.8742 43.8742 43.8742 43.8742 43.8742 43.8742 43.8742 43.8742 43.8742 43.8742 43.8742 43.8742 43.8742 43.8742 43.8742 43.8742 43.8742 43.8742 43.8742 43.8742 43.8742 43.8742 43.8742 43.8742 43.8742 43.8742 43.8742 43.8742 43.8742 43.8742 43.8742 43.8742 43.8742 43.8742 43.8742 43.8742 43.8742 43.8742 43.8742 43.8742 43.8742 43.8742 43.8742 43.8742 43.8742 43.8742 43.8742 43.8742 43.8742 43.8742 43.8742 43.8742 43.8742 43.8742 43.8742 43.8742 43.8742 43.8742 43.8742 43.8742 43.8742 43.8742 43.8742 43.8742
-9999 -9999 43.8692 43.8692 43.8692 43.8692 43.8692 43.8692 43.8692 43.8692 43.8692 43.8692 43.8692 43.8692 43.8692 43.8692 43.8692 43.8692 43.8692 43.8692 43.8692 43.8692 43.8692 43.8692 43.8692 43.8692 43.8692 43.8692 43.8692 43.8692 43.8692 43.8692 43.8692 43.8692 43.8692 43.8692 43.8692 43.8692 43.8692 43.8692 43.8692 43.8692 43.8692 43.8692 43.8692 43.8692 43.8692 43.8692 43.8692 43.8692 43.8692 43.8692 43.8692 43.8692 43.8692 43.8692 43.8692 43.8692 43.8692 43.8692 43.8692 43.8692 43.8692 43.8692 43.8692 43.8692 43.8692 43.8692 43.8692 43.8692 43.8692
-9999 -9999 43.8642 43.8642 43.8642 43.8642 43.8642 43.8642 43.8642 43.8642 43.8642 43.8642 43.8642 43.8642 43.8642 43.8642 43.8642 43.8642 43.8642 43.8642 43.8642 43.8642 43.8642 43.8642 43.8642 43.8642 43.8642 43.8642 43.8642 43.8642 43.8642 43.8642 43.8642 43.8642 43.8642 43.8642 43.8642 43.8642 43.8642 43.8642 43.8642 43.8642 43.8642 43.8642 43.8642 43.8642 43.8642 43.8642 43.8642 43.8642 43.8642 43.8642 43.8642 43.8642 43.8642 43.8642 43.8642 43.8642 43.8642 43.8642 43.8642 43.8642 43.8642 43.8642 43.8642 43.8642 43.8642 43.8642 43.8642 43.8642 43.8642
-9999 -9999 43.8591 43.8591 43.8591 43.8591 43.8591 43.8591 43.8591 43.8591 43.8591 43.8591 43.8591 43.8591 43.8591 43.8591 43.8591 43.8591 43.8591 43.8591 43.8591 43.8591 43.8591 43.8591 43.8591 43.8591 43.8591 43.8591 43.8591 43.8591 43.8591 43.8591 43.8591 43.8591 43.8591 43.8591 43.8591 43.8591 43.8591 43.8591 43.8591 43.8591 43.8591 43.8591 43.8591 43.8591 43.8591 43.8591 43.8591 43.8591 43.8591 43.8591 43.8591 43.8591 43.8591 43.8591 43.8591 43.8591 43.8591 43.8591 43.8591 43.8591 43.8591 43.8591 43.8591 43.8591 43.8591 43.8591 43.8591 43.8591 43.8591
-9999 -9999 43.8541 43.8541 43.8541 43.8541 43.8541 43.8541 43.8541 43.8541 43.8541 43.8541 43.8541 43.8541 43.8541 43.8541 43.8541 43.8541 43.8541 43.8541 43.8541 43.8541 43.8541 43.8541 43.8541 43.8541 43.8541 43.8541 43.8541 43.8541 43.8541 43.8541 43.8541 43.8541 43.8541 43.8541 43.8541 43.8541 43.8541 43.8541 43.8541 43.8541 43.8541 43.8541 43.8541 43.8541 43.8541 43.8541 43.8541 43.8541 43.8541 43.8541 43.8541 43.8541 43.8541 43.8541 43.8541 43.8541 43.8541 43.8541 43.8541 43.8541 43.8541 43.8541 43.8541 43.8541 43.8541 43.8541 43.8541 43.8541 43.8541
-9999 -9999 -9999 -9999 43.8491 43.8491 43.8491 43.8491 43.8491 43.8491 43.8491 43.8491 43.8491 43.8491 43.8491 43.8491 43.8491 43.8491 43.8491 43.8491 43.8491 43.8491 43.8491 43.8491 43.8491 43.8491 43.8491 43.8491 43.8491 43.8491 43.8491 43.8491 43.8491 43.8491 43.8491 43.8491 43.8491 43.8491 43.8491 43.8491 43.8491 43.8491 43.8491 43.8491 43.8491 43.8491 43.8491 43.8491 43.8491 43.8491 43.8491 43.8491 43.8491 43.8491 43.8491 43.8491 43.8491 43.8491 43.8491 43.8491 43.8491 43.8491 43.8491 43.8491 43.8491 43.8491 43.8491 43.8491 43.8491 43.8491 43.8491
-9999 -9999 -9999 -9999 43.8441 43.8441 43.8441 43.8441 43.8441 43.8441 43.8441 43.8441 43.8441 43.8441 43.8441 43.8441 43.8441 43.8441 43.8441 43.8441 43.8441 43.8441 43.8441 43.8441 43.8441 43.8441 43.8441 43.8441 43.8441 43.8441 43.8441 43.8441 43.8441 43.8441 43.8441 43.8441 43.8441 43.8441 43.8441 43.8441 43.8441 43.8441 43.8441 43.8441 43.8441 43.8441 43.8441 43.8441 43.8441 43.8441 43.8441 43.8441 43.8441 43.8441 43.8441 43.8441 43.8441 43.8441 43.8441 43.8441 43.8441 43.8441 43.8441 43.8441 43.8441 43.8441 43.8441 43.8441 43.8441 43.8441 43.8441
-9999 -9999 -9999 -9999 43.8391 43.8391 43.8391 43.8391 43.8391 43.8391 43.8391 43.8391 43.8391 43.8391 43.8391 43.8391 43.8391 43.8391 43.8391 43.8391 43.8391 43.8391 43.8391 43.8391 43.8391 43.8391 43.8391 43.8391 43.8391 43.8391 43.8391 43.8391 43.8391 43.8391 43.8391 43.8391 43.8391 43.8391 43.8391 43.8391 43.8391 43.8391 43.8391 43.8391 43.8391 43.8391 43.8391 43.8391 43.8391 43.8391 43.8391 43.8391 43.8391 43.8391 43.8391 43.8391 43.8391 43.8391 43.8391 43.8391 43.8391 43.8391 43.8391 43.8391 43.8391 43.8391 43.8391 43.8391 43.8391 43.8391 43.8391
-9999 -9999 -9999 -9999 43.8341 43.8341 43.8341 43.8341 43.8341 43.8341 43.8341 43.8341 43.8341 43.8341 43.8341 43.8341 43.8341 43.8341 43.8341 43.8341 43.8341 43.8341 43.8341 43.8341 43.8341 43.8341 43.8341 43.8341 43.8341 43.8341 43.8341 43.8341 43.8341 43.8341 43.8341 43.8341 43.8341 43.8341 43.8341 43.8341 43.8341 43.8341 43.8341 43.8341 43.8341 43.8341 43.8341 43.8341 43.8341 43.8341 43.8341 43.8341 43.8341 43.8341 43.8341 43.8341 43.8341 43.8341 43.8341 43.8341 43.8341 43.8341 43.8341 43.8341 43.8341 43.8341 43.8341 43.8341 -9999 -9999 -9999
-9999 -9999 -9999 -9999 -9999 43.8291 43.8291 43.8291 43.8291 43.8291 43.8291 43.8291 43.8291 43.8291 43.8291 43.8291 43.8291 43.8291 43.8291 43.8291 43.8291 43.8291 43.8291 43.8291 43.8291 43.8291 43.8291 43.8291 43.8291 43.8291 43.8291 43.8291 43.8291 43.8291 43.8291 43.8291 43.8291 43.8291 43.8291 43.8291 43.8291 43.8291 43.8291 43.8291 43.8291 43.8291 43.8291 43.8291 43.8291 43.8291 43.8291 43.8291 43.8291 43.8291 43.8291 43.8291 43.8291 43.8291 43.8291 -9999 -9999 -9999 -9999 -9999 -9999 43.8291 43.8291 43.8291 -9999 -9999 -9999
-9999 -9999 -9999 -9999 -9999 43.8241 43.8241 43.8241 43.8241 43.8241 43.8241 43.8241 43.8241 43.8241 43.8241 43.8241 43.8241 43.8241 43.8241 43.8241 43.8241 43.8241 43.8241 43.8241 43.8241 43.8241 43.8241 43.8241 43.8241 43.8241 43.8241 43.8241 43.8241 43.8241 43.8241 43.8241 43.8241 43.8241 43.8241 43.8241 43.8241 43.8241 43.8241 43.8241 43.8241 43.8241 43.8241 43.8241 43.8241 43.8241 43.8241 43.8241 43.8241 43.8241 43.8241 -9999 -9999 -9999 -9999 -9999 -9999 -9999 -9999 -9999 -9999 -9999 -9999 -9999 -9999 -9999 -9999
-9999 -9999 -9999 -9999 -9999 43.8191 43.8191 43.8191 43.8191 43.8191 43.8191 43.8191 43.8191 43.8191 43.8191 43.8191 43.8191 43.8191 43.8191 43.8191 43.8191 43.8191 43.8191 43.8191 43.8191 43.8191 43.8191 43.8191 43.8191 43.8191 43.8191 43.8191 43.8191 43.8191 43.8191 43.8191 43.8191 43.8191 43.8191 43.8191 43.8191 43.8191 43.8191 43.8191 43.8191 43.8191 43.8191 43.8191 43.8191 43.8191 43.8191 43.8191 43.8191 -9999 -9999 -9999 -9999 -9999 -9999 -9999 -9999 -9999 -9999 -9999 -9999 -9999 -9999 -9999 -9999 -9999 -9999
-9999 -9999 -9999 -9999 -9999 -9999 43.8141 43.8141 43.8141 43.8141 43.8141 43.8141 43.8141 43.8141 43.8141 43.8141 43.8141 43.8141 43.8141 43.8141 43.8141 43.8141 43.8141 43.8141 43.8141 43.8141 43.8141 43.8141 43.8141 43.8141 43.8141 43.8141 43.8141 43.8141 43.8141 43.8141 43.8141 43.8141 43.8141 43.8141 43.8141 43.8141 43.8141 43.8141 43.8141 43.8141 43.8141 43.8141 43.8141 -9999 -9999 -9999 -9999 -9999 -9999 -9999 -9999 -9999 -9999 -9999 -9999 -9999 -9999 -9999 -9999 -9999 -9999 -9999 -9999 -9999 -9999
-9999 -9999 -9999 -9999 -9999 -9999 43.8091 43.8091 43.8091 43.8091 43.8091 43.8091 43.8091 43.8091 43.8091 43.8091 43.8091 43.8091 43.8091 43.8091 43.8091 43.8091 43.8091 43.8091 43.8091 43.8091 43.8091 43.8091 43.8091 43.8091 43.8091 43.8091 43.8091 43.8091 43.8091 43.8091 43.8091 43.8091 43.8091 43.8091 43.8091 43.8091 43.8091 43.8091 43.8091 43.8091 43.8091 43.8091 -9999 -9999 -9999 -9999 -9999 -9999 -9999 -9999 -9999 -9999 -9999 -9999 -9999 -9999 -9999 -9999 -9999 -9999 -9999 -9999 -9999 -9999 -9999
-9999 -9999 -9999 -9999 -9999 -9999 -9999 43.8041 43.8041 43.8041 43.8041 43.8041 43.8041 43.8041 43.8041 43.8041 43.8041 43.8041 43.8041 43.8041 43.8041 43.8041 43.8041 43.8041 43.8041 43.8041 43.8041 43.8041 43.8041 43.8041 43.8041 43.8041 43.8041 43.8041 43.8041 43.8041 43.8041 43.8041 43.8041 -9999 -9999 -9999 -9999 -9999 -9999 -9999 -9999 -9999 -9999 -9999 -9999 -9999 -9999 -9999 -9999 -9999 -9999 -9999 -9999 -9999 -9999 -9999 -9999 -9999 -9999 -9999 -9999 -9999 -9999 -9999 -9999
-9999 -9999 -9999 -9999 -9999 -9999 -9999 -9999 43.7991 43.7991 43.7991 43.7991 43.7991 -9999 -9999 -9999 -9999 -9999 -9999 -9999 -9999 43.7991 43.7991 43.7991 43.7991 43.7991 43.7991 43.7991 43.7991 43.7991 43.7991 43.7991 43.7991 43.7991 43.7991 43.7991 43.7991 43.7991 -9999 -9999 -9999 -9999 -9999 -9999 -9999 -9999 -9999 -9999 -9999 -9999 -9999 -9999 -9999 -9999 -9999 -9999 -9999 -9999 -9999 -9999 -9999 -9999 -9999 -9999 -9999 -9999 -9999 -9999 -9999 -9999 -9999
-9999 -9999 -9999 -9999 -9999 -9999 -9999 -9999 43.7941 43.7941 43.7941 -9999 -9999 -9999 -9999 -9999 -9999 -9999 -9999 -9999 -9999 -9999 -9999 -9999 -9999 -9999 43.7941 43.7941 43.7941 43.7941 43.7941 43.7941 43.7941 43.7941 43.7941 43.7941 -9999 -9999 -9999 -9999 -9999 -9999 -9999 -9999 -9999 -9999 -9999 -9999 -9999 -9999 -9999 -9999 -9999 -9999 -9999 -9999 -9999 -9999 -9999 -9999 -9999 -9999 -9999 -9999 -9999 -9999 -9999 -9999 -9999 -9999 -9999
