docker_testcase/datasets_hmc/static_data/gridded/liguria/liguria.lon.txt
ncols          559
nrows          167
xllcorner       7.4952
yllcorner      43.7565
cellsize     0.005007
NODATA_value        -9999
[rows 32 to 63 of 167, columns 432 to 503 of 559]
9.66073 9.66573 9.67074 9.67575 9.68076 9.68576 9.69077 9.69578 9.70078 9.70579 9.7108 9.7158 9.72081 9.72582 9.73083 9.73583 9.74084 9.74585 9.75085 9.75586 9.76087 9.76587 9.77088 9.77589 9.7809 9.7859 9.79091 9.79592 9.80092 9.80593 9.81094 9.81594 9.82095 9.82596 9.83097 9.83597 9.84098 9.84599 9.85099 9.856 9.86101 9.86601 9.87102 9.87603 9.88104 9.88604 9.89105 9.89606 9.90106 9.90607 9.91108 9.91608 9.92109 9.9261 9.93111 9.93611 9.94112 9.94613 9.95113 9.95614 9.96115 9.96615 9.97116 9.97617 9.98118 9.98618 9.99119 9.9962 10.0012 10.0062 10.0112 10.0162
9.66073 9.66573 9.67074 9.67575 9.68076 9.68576 9.69077 9.69578 9.70078 9.70579 9.7108 9.7158 9.72081 9.72582 9.73083 9.73583 9.74084 9.74585 9.75085 9.75586 9.76087 9.76587 9.77088 9.77589 9.7809 9.7859 9.79091 9.79592 9.80092 9.80593 9.81094 9.81594 9.82095 9.82596 9.83097 9.83597 9.84098 9.84599 9.85099 9.856 9.86101 9.86601 9.87102 9.87603 9.88104 9.88604 9.89105 9.89606 9.90106 9.90607 9.91108 9.91608 9.92109 9.9261 9.93111 9.93611 9.94112 9.94613 9.95113 9.95614 9.96115 9.96615 9.97116 9.97617 9.98118 9.98618 9.99119 9.9962 10.0012 10.0062 10.0112 10.0162
9.66073 9.66573 9.67074 9.67575 9.68076 9.68576 9.69077 9.69578 9.70078 9.70579 9.7108 9.7158 9.72081 9.72582 9.73083 9.73583 9.74084 9.74585 9.75085 9.75586 9.76087 9.76587 9.77088 9.77589 9.7809 9.7859 9.79091 9.79592 9.80092 9.80593 9.81094 9.81594 9.82095 9.82596 9.83097 9.83597 9.84098 9.84599 9.85099 9.856 9.86101 9.86601 9.87102 9.87603 9.88104 9.88604 9.89105 9.89606 9.90106 9.90607 9.91108 9.91608 9.92109 9.9261 9.93111 9.93611 9.94112 9.94613 9.95113 9.95614 9.96115 9.96615 9.97116 9.97617 9.98118 9.98618 9.99119 9.9962 10.0012 10.0062 10.0112 10.0162
9.66073 9.66573 9.67074 9.67575 9.68076 9.68576 9.69077 9.69578 9.70078 9.70579 9.7108 9.7158 9.72081 9.72582 9.73083 9.73583 9.74084 9.74585 9.75085 9.75586 9.76087 9.76587 9.77088 9.77589 9.7809 9.7859 9.79091 9.79592 9.80092 9.80593 9.81094 9.81594 9.82095 9.82596 9.83097 9.83597 9.84098 9.84599 9.85099 9.856 9.86101 9.86601 9.87102 9.87603 9.88104 9.88604 9.89105 9.89606 9.90106 9.90607 9.91108 9.91608 9.92109 9.9261 9.93111 9.93611 9.94112 9.94613 9.95113 9.95614 9.96115 9.96615 9.97116 9.97617 9.98118 9.98618 9.99119 9.9962 10.0012 10.0062 10.0112 10.0162
9.66073 9.66573 9.67074 9.67575 9.68076 9.68576 9.69077 9.69578 9.70078 9.70579 9.7108 9.7158 9.72081 9.72582 9.73083 9.73583 9.74084 9.74585 9.75085 9.75586 9.76087 9.76587 9.77088 9.77589 9.7809 9.7859 9.79091 9.79592 9.80092 9.80593 9.81094 9.81594 9.82095 9.82596 9.83097 9.83597 9.84098 9.84599 9.85099 9.856 9.86101 9.86601 9.87102 9.87603 9.88104 9.88604 9.89105 9.89606 9.90106 9.90607 9.91108 9.91608 9.92109 9.9261 9.93111 9.93611 9.94112 9.94613 9.95113 9.95614 9.96115 9.96615 9.97116 9.97617 9.98118 9.98618 9.99119 9.9962 10.0012 10.0062 10.0112 10.0162
9.66073 9.66573 9.67074 9.67575 9.68076 9.68576 9.69077 9.69578 9.70078 9.70579 9.7108 9.7158 9.72081 9.72582 9.73083 9.73583 9.74084 9.74585 9.75085 9.75586 9.76087 9.76587 9.77088 9.77589 9.7809 9.7859 9.79091 9.79592 9.80092 9.80593 9.81094 9.81594 9.82095 9.82596 9.83097 9.83597 9.84098 9.84599 9.85099 9.856 9.86101 9.86601 9.87102 9.87603 9.88104 9.88604 9.89105 9.89606 9.90106 9.90607 9.91108 9.91608 9.92109 9.9261 9.93111 9.93611 9.94112 9.94613 9.95113 9.95614 9.96115 9.96615 9.97116 9.97617 9.98118 9.98618 9.99119 9.9962 10.0012 10.0062 10.0112 10.0162
9.66073 9.66573 9.67074 9.67575 9.68076 9.68576 9.69077 9.69578 9.70078 9.70579 9.7108 9.7158 9.72081 9.72582 9.73083 9.73583 9.74084 9.74585 9.75085 9.75586 9.76087 9.76587 9.77088 9.77589 9.7809 9.7859 9.79091 9.79592 9.80092 9.80593 9.81094 9.81594 9.82095 9.82596 9.83097 9.83597 9.84098 9.84599 9.85099 9.856 9.86101 9.86601 9.87102 9.87603 9.88104 9.88604 9.89105 9.89606 9.90106 9.90607 9.91108 9.91608 9.92109 9.9261 9.93111 9.93611 9.94112 9.94613 9.95113 9.95614 9.96115 9.96615 9.97116 9.97617 9.98118 9.98618 9.99119 9.9962 10.0012 10.0062 10.0112 10.0162
9.66073 9.66573 9.67074 9.67575 9.68076 9.68576 9.69077 9.69578 9.70078 9.70579 9.7108 9.7158 9.72081 9.72582 9.73083 9.73583 9.74084 9.74585 9.75085 9.75586 9.76087 9.76587 9.77088 9.77589 9.7809 9.7859 9.79091 9.79592 9.80092 9.80593 9.81094 9.81594 9.82095 9.82596 9.83097 9.83597 9.84098 9.84599 9.85099 9.856 9.86101 9.86601 9.87102 9.87603 9.88104 9.88604 9.89105 9.89606 9.90106 9.90607 9.91108 9.91608 9.92109 9.9261 9.93111 9.93611 9.94112 9.94613 9.95113 9.95614 9.96115 9.96615 9.97116 9.97617 9.98118 9.98618 9.99119 9.9962 10.0012 10.0062 10.0112 10.0162
9.66073 9.66573 9.67074 9.67575 9.68076 9.68576 9.69077 9.69578 9.70078 9.70579 9.7108 9.7158 9.72081 9.72582 9.73083 9.73583 9.74084 9.74585 9.75085 9.75586 9.76087 9.76587 9.77088 9.77589 9.7809 9.7859 9.79091 9.79592 9.80092 9.80593 9.81094 9.81594 9.82095 9.82596 9.83097 9.83597 9.84098 9.84599 9.85099 9.856 9.86101 9.86601 9.87102 9.87603 9.88104 9.88604 9.89105 9.89606 9.90106 9.90607 9.91108 9.91608 9.92109 9.9261 9.93111 9.93611 9.94112 9.94613 9.95113 9.95614 9.96115 9.96615 9.97116 9.97617 9.98118 9.98618 9.99119 9.9962 10.0012 10.0062 10.0112 10.0162
9.66073 9.66573 9.67074 9.67575 9.68076 9.68576 9.69077 9.69578 9.70078 9.70579 9.7108 9.7158 9.72081 9.72582 9.73083 9.73583 9.74084 9.74585 9.75085 9.75586 9.76087 9.76587 9.77088 9.77589 9.7809 9.7859 9.79091 9.79592 9.80092 9.80593 9.81094 9.81594 9.82095 9.82596 9.83097 9.83597 9.84098 9.84599 9.85099 9.856 9.86101 9.86601 9.87102 9.87603 9.88104 9.88604 9.89105 9.89606 9.90106 9.90607 9.91108 9.91608 9.92109 9.9261 9.93111 9.93611 9.94112 9.94613 9.95113 9.95614 9.96115 9.96615 9.97116 9.97617 9.98118 9.98618 9.99119 9.9962 10.0012 10.0062 10.0112 10.0162
9.66073 9.66573 9.67074 9.67575 9.68076 9.68576 9.69077 9.69578 9.70078 9.70579 9.7108 9.7158 9.72081 9.72582 9.73083 9.73583 9.74084 9.74585 9.75085 9.75586 9.76087 9.76587 9.77088 9.77589 9.7809 9.7859 9.79091 9.79592 9.80092 9.80593 9.81094 9.81594 9.82095 9.82596 9.83097 9.83597 9.84098 9.84599 9.85099 9.856 9.86101 9.86601 9.87102 9.87603 9.88104 9.88604 9.89105 9.89606 9.90106 9.90607 9.91108 9.91608 9.92109 9.9261 9.93111 9.93611 9.94112 9.94613 9.95113 9.95614 9.96115 9.96615 9.97116 9.97617 9.98118 9.98618 9.99119 9.9962 10.0012 10.0062 10.0112 10.0162
9.66073 9.66573 9.67074 9.67575 9.68076 9.68576 9.69077 9.69578 9.70078 9.70579 9.7108 9.7158 9.72081 9.72582 9.73083 9.73583 9.74084 9.74585 9.75085 9.75586 9.76087 9.76587 9.77088 9.77589 9.7809 9.7859 9.79091 9.79592 9.80092 9.80593 9.81094 9.81594 9.82095 9.82596 9.83097 9.83597 9.84098 9.84599 9.85099 9.856 9.86101 9.86601 9.87102 9.87603 9.88104 9.88604 9.89105 9.89606 9.90106 9.90607 9.91108 9.91608 9.92109 9.9261 9.93111 9.93611 9.94112 9.94613 9.95113 9.95614 9.96115 9.96615 9.97116 9.97617 9.98118 9.98618 9.99119 9.9962 10.0012 10.0062 10.0112 10.0162
9.66073 9.66573 9.67074 9.67575 9.68076 9.68576 9.69077 9.69578 9.70078 9.70579 9.7108 9.7158 9.72081 9.72582 9.73083 9.73583 9.74084 9.74585 9.75085 9.75586 9.76087 9.76587 9.77088 9.77589 9.7809 9.7859 9.79091 9.79592 9.80092 9.80593 9.81094 9.81594 9.82095 9.82596 9.83097 9.83597 9.84098 9.84599 9.85099 9.856 9.86101 9.86601 9.87102 9.87603 9.88104 9.88604 9.89105 9.89606 9.90106 9.90607 9.91108 9.91608 9.92109 9.9261 9.93111 9.93611 9.94112 9.94613 9.95113 9.95614 9.96115 9.96615 9.97116 9.97617 9.98118 9.98618 9.99119 9.9962 10.0012 10.0062 10.0112 10.0162
9.66073 9.66573 9.67074 9.67575 9.68076 9.68576 9.69077 9.69578 9.70078 9.70579 9.7108 9.7158 9.72081 9.72582 9.73083 9.73583 9.74084 9.74585 9.75085 9.75586 9.76087 9.76587 9.77088 9.77589 9.7809 9.7859 9.79091 9.79592 9.80092 9.80593 9.81094 9.81594 9.82095 9.82596 9.83097 9.83597 9.84098 9.84599 9.85099 9.856 9.86101 9.86601 9.87102 9.87603 9.88104 9.88604 9.89105 9.89606 9.90106 9.90607 9.91108 9.91608 9.92109 9.9261 9.93111 9.93611 9.94112 9.94613 9.95113 9.95614 9.96115 9.96615 9.97116 9.97617 9.98118 9.98618 9.99119 9.9962 10.0012 10.0062 10.0112 10.0162
9.66073 9.66573 9.67074 9.67575 9.68076 9.68576 9.69077 9.69578 9.70078 9.70579 9.7108 9.7158 9.72081 9.72582 9.73083 9.73583 9.74084 9.74585 9.75085 9.75586 9.76087 9.76587 9.77088 9.77589 9.7809 9.7859 9.79091 9.79592 9.80092 9.80593 9.81094 9.81594 9.82095 9.82596 9.83097 9.83597 9.84098 9.84599 9.85099 9.856 9.86101 9.86601 9.87102 9.87603 9.88104 9.88604 9.89105 9.89606 9.90106 9.90607 9.91108 9.91608 9.92109 9.9261 9.93111 9.93611 9.94112 9.94613 9.95113 9.95614 9.96115 9.96615 9.97116 9.97617 9.98118 9.98618 9.99119 9.9962 10.0012 10.0062 10.0112 10.0162
9.66073 9.66573 9.67074 9.67575 9.68076 9.68576 9.69077 9.69578 9.70078 9.70579 9.7108 9.7158 9.72081 9.72582 9.73083 9.73583 9.74084 9.74585 9.75085 9.75586 9.76087 9.76587 9.77088 9.77589 9.7809 9.7859 9.79091 9.79592 9.80092 9.80593 9.81094 9.81594 9.82095 9.82596 9.83097 9.83597 9.84098 9.84599 9.85099 9.856 9.86101 9.86601 9.87102 9.87603 9.88104 9.88604 9.89105 9.89606 9.90106 9.90607 9.91108 9.91608 9.92109 9.9261 9.93111 9.93611 9.94112 9.94613 9.95113 9.95614 9.96115 9.96615 9.97116 9.97617 9.98118 9.98618 9.99119 9.9962 10.0012 10.0062 10.0112 10.0162
9.66073 9.66573 9.67074 9.67575 9.68076 9.68576 9.69077 9.69578 9.70078 9.70579 9.7108 9.7158 9.72081 9.72582 9.73083 9.73583 9.74084 9.74585 9.75085 9.75586 9.76087 9.76587 9.77088 9.77589 9.7809 9.7859 9.79091 9.79592 9.80092 9.80593 9.81094 9.81594 9.82095 9.82596 9.83097 9.83597 9.84098 9.84599 9.85099 9.856 9.86101 9.86601 9.87102 9.87603 9.88104 9.88604 9.89105 9.89606 9.90106 9.90607 9.91108 9.91608 9.92109 9.9261 9.93111 9.93611 9.94112 9.94613 9.95113 9.95614 9.96115 9.96615 9.97116 9.97617 9.98118 9.98618 9.99119 9.9962 10.0012 10.0062 10.0112 10.0162
9.66073 9.66573 9.67074 9.67575 9.68076 9.68576 9.69077 9.69578 9.70078 9.70579 9.7108 9.7158 9.72081 9.72582 9.73083 9.73583 9.74084 9.74585 9.75085 9.75586 9.76087 9.76587 9.77088 9.77589 9.7809 9.7859 9.79091 9.79592 9.80092 9.80593 9.81094 9.81594 9.82095 9.82596 9.83097 9.83597 9.84098 9.84599 9.85099 9.856 9.86101 9.86601 9.87102 9.87603 9.88104 9.88604 9.89105 9.89606 9.90106 9.90607 9.91108 9.91608 9.92109 9.9261 9.93111 9.93611 9.94112 9.94613 9.95113 9.95614 9.96115 9.96615 9.97116 9.97617 9.98118 9.98618 9.99119 9.9962 10.0012 10.0062 10.0112 10.0162
9.66073 9.66573 9.67074 9.67575 9.68076 9.68576 9.69077 9.69578 9.70078 9.70579 9.7108 9.7158 9.72081 9.72582 9.73083 9.73583 9.74084 9.74585 9.75085 9.75586 9.76087 9.76587 9.77088 9.77589 9.7809 9.7859 9.79091 9.79592 9.80092 9.80593 9.81094 9.81594 9.82095 9.82596 9.83097 9.83597 9.84098 9.84599 9.85099 9.856 9.86101 9.86601 9.87102 9.87603 9.88104 9.88604 9.89105 9.89606 9.90106 9.90607 9.91108 9.91608 9.92109 9.9261 9.93111 9.93611 9.94112 9.94613 9.95113 9.95614 9.96115 9.96615 9.97116 9.97617 9.98118 9.98618 9.99119 9.9962 10.0012 10.0062 10.0112 10.0162
9.66073 9.66573 9.67074 9.67575 9.68076 9.68576 9.69077 9.69578 9.70078 9.70579 9.7108 9.7158 9.72081 9.72582 9.73083 9.73583 9.74084 9.74585 9.75085 9.75586 9.76087 9.76587 9.77088 9.77589 9.7809 9.7859 9.79091 9.79592 9.80092 9.80593 9.81094 9.81594 9.82095 9.82596 9.83097 9.83597 9.84098 9.84599 9.85099 9.856 9.86101 9.86601 9.87102 9.87603 9.88104 9.88604 9.89105 9.89606 9.90106 9.90607 9.91108 9.91608 9.92109 9.9261 9.93111 9.93611 9.94112 9.94613 9.95113 9.95614 9.96115 9.96615 9.97116 9.97617 9.98118 9.98618 9.99119 9.9962 10.0012 10.0062 10.0112 10.0162
9.66073 9.66573 9.67074 9.67575 9.68076 9.68576 9.69077 9.69578 9.70078 9.70579 9.7108 9.7158 9.72081 9.72582 9.73083 9.73583 9.74084 9.74585 9.75085 9.75586 9.76087 9.76587 9.77088 9.77589 9.7809 9.7859 9.79091 9.79592 9.80092 9.80593 9.81094 9.81594 9.82095 9.82596 9.83097 9.83597 9.84098 9.84599 9.85099 9.856 9.86101 9.86601 9.87102 9.87603 9.88104 9.88604 9.89105 9.89606 9.90106 9.90607 9.91108 9.91608 9.92109 9.9261 9.93111 9.93611 9.94112 9.94613 9.95113 9.95614 9.96115 9.96615 9.97116 9.97617 9.98118 9.98618 9.99119 9.9962 10.0012 10.0062 10.0112 10.0162
9.66073 9.66573 9.67074 9.67575 9.68076 9.68576 9.69077 9.69578 9.70078 9.70579 9.7108 9.7158 9.72081 9.72582 9.73083 9.73583 9.74084 9.74585 9.75085 9.75586 9.76087 9.76587 9.77088 9.77589 9.7809 9.7859 9.79091 9.79592 9.80092 9.80593 9.81094 9.81594 9.82095 9.82596 9.83097 9.83597 9.84098 9.84599 9.85099 9.856 9.86101 9.86601 9.87102 9.87603 9.88104 9.88604 9.89105 9.89606 9.90106 9.90607 9.91108 9.91608 9.92109 9.9261 9.93111 9.93611 9.94112 9.94613 9.95113 9.95614 9.96115 9.96615 9.97116 9.97617 9.98118 9.98618 9.99119 9.9962 10.0012 10.0062 10.0112 10.0162
9.66073 9.66573 9.67074 9.67575 9.68076 9.68576 9.69077 9.69578 9.70078 9.70579 9.7108 9.7158 9.72081 9.72582 9.73083 9.73583 9.74084 9.74585 9.75085 9.75586 9.76087 9.76587 9.77088 9.77589 9.7809 9.7859 9.79091 9.79592 9.80092 9.80593 9.81094 9.81594 9.82095 9.82596 9.83097 9.83597 9.84098 9.84599 9.85099 9.856 9.86101 9.86601 9.87102 9.87603 9.88104 9.88604 9.89105 9.89606 9.90106 9.90607 9.91108 9.91608 9.92109 9.9261 9.93111 9.93611 9.94112 9.94613 9.95113 9.95614 9.96115 9.96615 9.97116 9.97617 9.98118 9.98618 9.99119 9.9962 10.0012 10.0062 10.0112 10.0162
9.66073 9.66573 9.67074 9.67575 9.68076 9.68576 9.69077 9.69578 9.70078 9.70579 9.7108 9.7158 9.72081 9.72582 9.73083 9.73583 9.74084 9.74585 9.75085 9.75586 9.76087 9.76587 9.77088 9.77589 9.7809 9.7859 9.79091 9.79592 9.80092 9.80593 9.81094 9.81594 9.82095 9.82596 9.83097 9.83597 9.84098 9.84599 9.85099 9.856 9.86101 9.86601 9.87102 9.87603 9.88104 9.88604 9.89105 9.89606 9.90106 9.90607 9.91108 9.91608 9.92109 9.9261 9.93111 9.93611 9.94112 9.94613 9.95113 9.95614 9.96115 9.96615 9.97116 9.97617 9.98118 9.98618 9.99119 9.9962 10.0012 10.0062 10.0112 10.0162
9.66073 9.66573 9.67074 9.67575 9.68076 9.68576 9.69077 9.69578 9.70078 9.70579 9.7108 9.7158 9.72081 9.72582 9.73083 9.73583 9.74084 9.74585 9.75085 9.75586 9.76087 9.76587 9.77088 9.77589 9.7809 9.7859 9.79091 9.79592 9.80092 9.80593 9.81094 9.81594 9.82095 9.82596 9.83097 9.83597 9.84098 9.84599 9.85099 9.856 9.86101 9.86601 9.87102 9.87603 9.88104 9.88604 9.89105 9.89606 9.90106 9.90607 9.91108 9.91608 9.92109 9.9261 9.93111 9.93611 9.94112 9.94613 9.95113 9.95614 9.96115 9.96615 9.97116 9.97617 9.98118 9.98618 9.99119 9.9962 10.0012 10.0062 10.0112 10.0162
9.66073 9.66573 9.67074 9.67575 9.68076 9.68576 9.69077 9.69578 9.70078 9.70579 9.7108 9.7158 9.72081 9.72582 9.73083 9.73583 9.74084 9.74585 9.75085 9.75586 9.76087 9.76587 9.77088 9.77589 9.7809 9.7859 9.79091 9.79592 9.80092 9.80593 9.81094 9.81594 9.82095 9.82596 9.83097 9.83597 9.84098 9.84599 9.85099 9.856 9.86101 9.86601 9.87102 9.87603 9.88104 9.88604 9.89105 9.89606 9.90106 9.90607 9.91108 9.91608 9.92109 9.9261 9.93111 9.93611 9.94112 9.94613 9.95113 9.95614 9.96115 9.96615 9.97116 9.97617 9.98118 9.98618 9.99119 9.9962 10.0012 10.0062 10.0112 10.0162
9.66073 9.66573 9.67074 9.67575 9.68076 9.68576 9.69077 9.69578 9.70078 9.70579 9.7108 9.7158 9.72081 9.72582 9.73083 9.73583 9.74084 9.74585 9.75085 9.75586 9.76087 9.76587 9.77088 9.77589 9.7809 9.7859 9.79091 9.79592 9.80092 9.80593 9.81094 9.81594 9.82095 9.82596 9.83097 9.83597 9.84098 9.84599 9.85099 9.856 9.86101 9.86601 9.87102 9.87603 9.88104 9.88604 9.89105 9.89606 9.90106 9.90607 9.91108 9.91608 9.92109 9.9261 9.93111 9.93611 9.94112 9.94613 9.95113 9.95614 9.96115 9.96615 9.97116 9.97617 9.98118 9.98618 9.99119 9.9962 10.0012 10.0062 10.0112 10.0162
9.66073 9.66573 9.67074 9.67575 9.68076 9.68576 9.69077 9.69578 9.70078 9.70579 9.7108 9.7158 9.72081 9.72582 9.73083 9.73583 9.74084 9.74585 9.75085 9.75586 9.76087 9.76587 9.77088 9.77589 9.7809 9.7859 9.79091 9.79592 9.80092 9.80593 9.81094 9.81594 9.82095 9.82596 9.83097 9.83597 9.84098 9.84599 9.85099 9.856 9.86101 9.86601 9.87102 9.87603 9.88104 9.88604 9.89105 9.89606 9.90106 9.90607 9.91108 9.91608 9.92109 9.9261 9.93111 9.93611 9.94112 9.94613 9.95113 9.95614 9.96115 9.96615 9.97116 9.97617 9.98118 9.98618 9.99119 9.9962 10.0012 10.0062 10.0112 10.0162
9.66073 9.66573 9.67074 9.67575 9.68076 9.68576 9.69077 9.69578 9.70078 9.70579 9.7108 9.7158 9.72081 9.72582 9.73083 9.73583 9.74084 9.74585 9.75085 9.75586 9.76087 9.76587 9.77088 9.77589 9.7809 9.7859 9.79091 9.79592 9.80092 9.80593 9.81094 9.81594 9.82095 9.82596 9.83097 9.83597 9.84098 9.84599 9.85099 9.856 9.86101 9.86601 9.87102 9.87603 9.88104 9.88604 9.89105 9.89606 9.90106 9.90607 9.91108 9.91608 9.92109 9.9261 9.93111 9.93611 9.94112 9.94613 9.95113 9.95614 9.96115 9.96615 9.97116 9.97617 9.98118 9.98618 9.99119 9.9962 10.0012 10.0062 10.0112 10.0162
9.66073 9.66573 9.67074 9.67575 9.68076 9.68576 9.69077 9.69578 9.70078 9.70579 9.7108 9.7158 9.72081 9.72582 9.73083 9.73583 9.74084 9.74585 9.75085 9.75586 9.76087 9.76587 9.77088 9.77589 9.7809 9.7859 9.79091 9.79592 9.80092 9.80593 9.81094 9.81594 9.82095 9.82596 9.83097 9.83597 9.84098 9.84599 9.85099 9.856 9.86101 9.86601 9.87102 9.87603 9.88104 9.88604 9.89105 9.89606 9.90106 9.90607 9.91108 9.91608 9.92109 9.9261 9.93111 9.93611 9.94112 9.94613 9.95113 9.95614 9.96115 9.96615 9.97116 9.97617 9.98118 9.98618 9.99119 9.9962 10.0012 10.0062 10.0112 10.0162
9.66073 9.66573 9.67074 9.67575 9.68076 9.68576 9.69077 9.69578 9.70078 9.70579 9.7108 9.7158 9.72081 9.72582 9.73083 9.73583 9.74084 9.74585 9.75085 9.75586 9.76087 9.76587 9.77088 9.77589 9.7809 9.7859 9.79091 9.79592 9.80092 9.80593 9.81094 9.81594 9.82095 9.82596 9.83097 9.83597 9.84098 9.84599 9.85099 9.856 9.86101 9.86601 9.87102 9.87603 9.88104 9.88604 9.89105 9.89606 9.90106 9.90607 9.91108 9.91608 9.92109 9.9261 9.93111 9.93611 9.94112 9.94613 9.95113 9.95614 9.96115 9.96615 9.97116 9.97617 9.98118 9.98618 9.99119 9.9962 10.0012 10.0062 10.0112 10.0162
9.66073 9.66573 9.67074 9.67575 9.68076 9.68576 9.69077 9.69578 9.70078 9.70579 9.7108 9.7158 9.72081 9.72582 9.73083 9.73583 9.74084 9.74585 9.75085 9.75586 9.76087 9.76587 9.77088 9.77589 9.7809 9.7859 9.79091 9.79592 9.80092 9.80593 9.81094 9.81594 9.82095 9.82596 9.83097 9.83597 9.84098 9.84599 9.85099 9.856 9.86101 9.86601 9.87102 9.87603 9.88104 9.88604 9.89105 9.89606 9.90106 9.90607 9.91108 9.91608 9.92109 9.9261 9.93111 9.93611 9.94112 9.94613 9.95113 9.95614 9.96115 9.96615 9.97116 9.97617 9.98118 9.98618 9.99119 9.9962 10.0012 10.0062 10.0112 10.0162
