docker_testcase/datasets_hmc/static_data/gridded/liguria/liguria.alpha.txt
ncols	         559
nrows	         167
xllcorner	   7.49520000000000     
yllcorner	   43.7565000000000     
cellsize    5.007000000000000E-003
NODATA_value  -9999
[rows 0 to 24 of 167, columns 171 to 227 of 559]
-9999.000000 -9999.000000 -9999.000000 -9999.000000 -9999.000000 -9999.000000 -9999.000000 -9999.000000 -9999.000000 -9999.000000 -9999.000000 -9999.000000 -9999.000000 -9999.000000 -9999.000000 -9999.000000 -9999.000000 -9999.000000 -9999.000000 -9999.000000 -9999.000000 -9999.000000 -9999.000000 -9999.000000 -9999.000000 -9999.000000 -9999.000000 -9999.000000 -9999.000000 -9999.000000 -9999.000000 -9999.000000 -9999.000000 -9999.000000 -9999.000000 -9999.000000 -9999.000000 -9999.000000 -9999.000000 -9999.000000 -9999.000000 -9999.000000 -9999.000000 -9999.000000 -9999.000000 -9999.000000 -9999.000000 -9999.000000 -9999.000000 -9999.000000 -9999.000000 -9999.000000 -9999.000000 -9999.000000 -9999.000000 -9999.000000 -9999.000000
-9999.000000 -9999.000000 -9999.000000 -9999.000000 -9999.000000 -9999.000000 -9999.000000 -9999.000000 -9999.000000 -9999.000000 -9999.000000 -9999.000000 -9999.000000 -9999.000000 -9999.000000 -9999.000000 -9999.000000 -9999.000000 -9999.000000 -9999.000000 -9999.000000 -9999.000000 -9999.000000 -9999.000000 -9999.000000 -9999.000000 -9999.000000 -9999.000000 -9999.000000 -9999.000000 -9999.000000 -9999.000000 -9999.000000 -9999.000000 -9999.000000 -9999.000000 -9999.000000 -9999.000000 -9999.000000 -9999.000000 -9999.000000 -9999.000000 -9999.000000 -9999.000000 -9999.000000 -9999.000000 -9999.000000 -9999.000000 -9999.000000 -9999.000000 -9999.000000 -9999.000000 -9999.000000 -9999.000000 -9999.000000 -9999.000000 -9999.000000
0.000465 0.000465 0.000465 0.000465 0.000465 0.000465 0.000465 0.000465 0.000465 0.000465 0.000465 0.000465 0.000465 0.000465 0.000465 0.000465 0.000465 0.000465 0.000465 0.000465 0.000465 0.000465 0.000465 0.000465 0.000465 0.000465 0.000465 0.000465 0.000465 0.000465 0.000465 0.000465 0.000465 0.000465 0.000465 0.000465 0.000465 0.000465 0.000465 0.000465 0.000465 0.000465 0.000465 0.000465 0.000465 0.000465 0.000465 0.000465 0.000465 0.000465 0.000465 0.000465 0.000465 0.000465 0.000465 0.000465 0.000465
0.087579 0.124413 0.046866 0.061287 0.108049 0.129438 0.113559 0.028314 0.024065 0.025123 0.075271 0.044908 0.000465 0.018386 0.002481 0.000421 0.012325 0.042124 0.071572 0.111927 0.129844 0.124558 0.199580 0.165888 0.107640 0.119062 0.206517 0.176669 0.251967 0.799335 0.139487 0.195012 0.196203 0.171040 0.152500 0.169155 0.138341 0.092094 0.013760 0.081777 0.075271 0.036356 0.102532 0.144846 0.187972 0.157567 0.179640 0.148644 0.171283 0.189522 0.097863 0.406199 0.047008 0.012564 0.154139 0.204339 0.210077
0.172043 0.201191 0.184649 0.028405 0.159985 0.161998 0.121679 0.159628 0.144239 0.090865 0.049632 0.134756 0.107436 0.002666 0.002677 0.008936 0.016100 0.095166 0.110003 0.129875 0.114187 0.067048 0.124762 0.131311 0.111590 0.027266 0.126426 0.201167 0.194016 0.080405 0.120095 0.022517 0.124152 0.057993 0.089319 0.118859 0.133895 0.104576 0.001030 0.020237 0.016053 0.100896 0.112743 0.027286 0.181054 0.252935 0.269274 0.203745 0.145213 0.106006 0.027021 0.033646 0.029055 0.262595 0.241924 0.164609 0.137556
0.175819 0.148787 0.182452 0.029859 0.068899 0.156358 0.130450 0.106415 0.110294 0.072773 0.060463 0.038988 0.055109 0.205131 0.227599 0.017036 0.011285 0.090250 0.134108 0.183739 0.151358 0.117358 0.116821 0.106619 0.065794 0.091889 0.175536 0.162802 0.115340 0.134919 0.174969 0.123338 0.094968 0.088200 0.051504 0.044908 0.051813 0.013667 0.000513 0.005336 0.003932 0.001451 0.000496 0.000372 0.013241 0.060463 0.061693 0.049981 0.027636 0.020997 0.076696 0.116413 0.027885 0.282905 0.226720 0.190632 0.174686
0.082662 0.148890 0.073832 0.050886 0.050798 0.074654 0.125169 0.020348 0.023294 0.032595 0.019647 0.058610 0.173446 0.223280 0.230601 0.037895 0.016488 0.050577 0.042949 0.157920 0.138484 0.126795 0.215210 0.117840 0.108253 0.070749 0.086355 0.039176 0.002484 0.053461 0.090768 0.058199 0.038205 0.091637 0.104804 0.104660 0.073627 0.015831 0.015258 0.000562 0.000517 0.000521 0.007863 0.016519 0.023274 0.050050 0.141203 0.119470 0.016812 0.018720 0.005617 0.050164 0.039752 0.157769 0.253710 0.161052 0.155924
0.166221 0.090188 0.092217 0.131672 0.140595 0.156209 0.021480 0.016558 0.021294 0.026802 0.014732 0.176451 0.182891 0.193220 0.187443 0.018799 0.013756 0.011949 0.012344 0.038308 0.238551 0.164609 0.208100 0.144846 0.183739 0.173552 0.103214 0.134469 0.181453 0.104576 0.096705 0.093086 0.041608 0.045842 0.067394 0.094100 0.090660 0.185647 0.130450 0.107436 0.280236 0.276799 0.193021 0.114987 0.280809 0.260667 0.197793 0.114171 0.010038 0.082503 0.014743 0.109137 0.089635 0.084244 0.243422 0.147475 0.136136
0.085839 0.080405 0.089635 0.218560 0.149698 0.114764 0.084919 0.168631 0.129013 0.089174 0.023838 0.170148 0.043361 0.085535 0.119519 0.116617 0.167828 0.119062 0.022829 0.020639 0.148930 0.165888 0.063176 0.084919 0.118655 0.207704 0.114171 0.202357 0.166823 0.048175 0.088200 0.137758 0.165015 0.151718 0.107844 0.163808 0.309178 0.238064 0.128726 0.170839 0.270766 0.188639 0.207635 0.229363 0.146786 0.123745 0.132890 0.050474 0.009587 0.133702 0.147677 0.083373 0.088405 0.035316 0.188839 0.142418 0.051504
0.101714 0.128582 0.038988 0.145655 0.098646 0.026983 0.073936 0.100896 0.035419 0.039442 0.179053 0.164466 0.167225 0.211263 0.190509 0.097009 0.062728 0.027400 0.026695 0.013212 0.009371 0.165216 0.141810 0.124700 0.169297 0.275651 0.232300 0.195806 0.101714 0.131886 0.210670 0.305988 0.329293 0.259123 0.180653 0.209484 0.191776 0.171425 0.114579 0.234842 0.179357 0.141000 0.257561 0.265060 0.238202 0.211263 0.190433 0.107436 0.002725 0.012058 0.173246 0.148890 0.084304 0.080610 0.166221 0.133296 0.055314
0.112600 0.026991 0.028676 0.071756 0.018526 0.013307 0.026197 0.042536 0.149092 0.167828 0.150073 0.034284 0.090250 0.147358 0.171040 0.026353 0.048825 0.236209 0.174402 0.012215 0.015777 0.217772 0.168871 0.262595 0.207902 0.180453 0.251192 0.130656 0.148787 0.096561 0.050268 0.021209 0.075389 0.040680 0.020762 0.031051 0.180653 0.087175 0.187842 0.195010 0.202357 0.101100 0.103758 0.142215 0.108661 0.014790 0.011203 0.011238 0.011181 0.166172 0.248935 0.085549 0.049237 0.096804 0.077858 0.152929 0.026027
0.093810 0.033252 0.029946 0.027104 0.030372 0.083809 0.121967 0.096126 0.106538 0.093520 0.108865 0.126138 0.117636 0.163808 0.028374 0.018818 0.127812 0.135473 0.014930 0.013780 0.010784 0.030913 0.137353 0.142216 0.161998 0.120081 0.040951 0.085874 0.118503 0.048928 0.033252 0.022448 0.023481 0.118044 0.050371 0.120527 0.142494 0.085404 0.133177 0.159628 0.224851 0.188839 0.181761 0.332066 0.173246 0.004294 0.007910 0.012633 0.022001 0.155211 0.275102 0.131886 0.154341 0.150506 0.155753 0.176102 0.176451
0.014509 0.013279 0.023240 0.027885 0.076914 0.080326 0.043774 0.075389 0.073645 0.091492 0.049958 0.111735 0.009339 0.000420 0.000421 0.000421 0.075271 0.006834 0.009414 0.015632 0.032424 0.003947 0.000794 0.001320 0.008568 0.018120 0.117840 0.070448 0.073832 0.164411 0.099310 0.032289 0.021903 0.091889 0.117432 0.111013 0.135043 0.124269 0.117790 0.106415 0.038550 0.072599 0.195806 0.279664 0.178653 0.014735 0.034611 0.071983 0.014829 0.015403 0.171283 0.261824 0.234255 0.160340 0.139630 0.191229 0.260860
0.087995 0.050474 0.047794 0.065794 0.084824 0.100901 0.034903 0.131875 0.153131 0.077132 0.011795 0.002808 0.000515 0.015329 0.011639 0.020311 0.089464 0.021044 0.005617 0.161906 0.245756 0.205924 0.002106 0.000974 0.020066 0.095692 0.130737 0.134108 0.068267 0.075271 0.118859 0.102636 0.138974 0.069576 0.041299 0.089225 0.105189 0.082252 0.081226 0.041299 0.090043 0.107982 0.107844 0.153499 0.027266 0.018765 0.227136 0.233922 0.024471 0.004016 0.009230 0.014702 0.090045 0.134756 0.172134 0.139200 0.056963
0.026061 0.077736 0.028780 0.022387 0.074808 0.075970 0.021175 0.015329 0.008677 0.007747 0.008284 0.003183 0.116414 0.020408 0.080200 0.093118 0.020708 0.011467 0.083894 0.152525 0.167427 0.010297 0.000296 0.001251 0.020919 0.127432 0.055315 0.137961 0.113151 0.057790 0.100896 0.111735 0.053275 0.101509 0.147358 0.108457 0.117358 0.105671 0.107844 0.062110 0.120895 0.050313 0.035668 0.020816 0.027930 0.103963 0.208891 0.155148 0.017756 0.000385 0.000385 0.022744 0.016758 0.033792 0.106971 0.168445 0.147644
0.081052 0.071465 0.019419 0.011382 0.019967 0.076298 0.052637 0.014368 0.006693 0.015577 0.111519 0.021995 0.076115 0.051526 0.024977 0.074226 0.111723 0.112743 0.017597 0.004870 0.000468 0.000326 0.000421 0.009689 0.002174 0.156963 0.166030 0.186703 0.235428 0.202754 0.141349 0.118655 0.218756 0.246728 0.197991 0.160483 0.163329 0.199648 0.217575 0.261824 0.346031 0.356051 0.227136 0.027527 0.019731 0.179074 0.184021 0.216989 0.187690 0.188839 0.161596 0.138628 0.015099 0.021856 0.036066 0.160991 0.128438
0.014068 0.057353 0.026647 0.045629 0.035997 0.044530 0.010531 0.022339 0.009221 0.079890 0.066231 0.037040 0.047446 0.048175 0.032495 0.019502 0.004808 0.000492 0.000441 0.000367 0.000343 0.124356 0.017285 0.010905 0.003552 0.010625 0.084244 0.168230 0.093118 0.053420 0.103503 0.100078 0.088159 0.042488 0.073422 0.118451 0.194414 0.149787 0.144442 0.173647 0.268558 0.298620 0.156779 0.090043 0.037253 0.181453 0.158172 0.219495 0.174969 0.174849 0.162400 0.015070 0.012795 0.170438 0.087790 0.073985 0.128828
0.005712 0.076092 0.061493 0.039339 0.036038 0.007645 0.001498 0.011941 0.021761 0.064776 0.063030 0.033006 0.028193 0.026853 0.015061 0.016381 0.000520 0.008357 0.007921 0.000389 0.020109 0.176385 0.124125 0.039774 0.015913 0.004793 0.004793 0.005263 0.014977 0.050783 0.047485 0.035522 0.086765 0.019626 0.122931 0.147930 0.253710 0.213829 0.033279 0.072773 0.108848 0.133296 0.029531 0.024016 0.116210 0.185151 0.171425 0.176051 0.145049 0.013245 0.013506 0.017222 0.101714 0.181620 0.072599 0.092094 0.057886
0.006639 0.042021 0.102925 0.109886 0.099165 0.000385 0.002375 0.004599 0.029004 0.095371 0.054003 0.019681 0.012650 0.006975 0.005563 0.005563 0.010391 0.082358 0.115802 0.010302 0.020194 0.200374 0.122727 0.077858 0.088884 0.007317 0.002601 0.001626 0.016986 0.084099 0.084969 0.038927 0.097140 0.105597 0.153938 0.140393 0.125707 0.104804 0.071572 0.069722 0.112131 0.017078 0.029531 0.199381 0.277563 0.241235 0.160910 0.207309 0.112335 0.021059 0.173647 0.197793 0.040061 0.021035 0.012665 0.129437 0.064340
0.007376 0.002621 0.021536 0.018056 0.031601 0.076092 0.002844 0.003680 0.006136 0.112131 0.018393 0.006693 0.000513 0.005123 0.017200 0.087790 0.068899 0.042197 0.106619 0.013636 0.012813 0.087585 0.022810 0.026762 0.135186 0.018698 0.003081 0.007231 0.008940 0.013890 0.027679 0.025201 0.033803 0.031051 0.023343 0.027266 0.077941 0.107436 0.098646 0.075887 0.065213 0.163607 0.161595 0.205536 0.129588 0.152928 0.181337 0.123134 0.017875 0.020127 0.028374 0.119062 0.285761 0.346397 0.246534 0.154355 0.100467
0.011373 0.166823 0.196137 0.038927 0.102492 0.137194 0.200176 0.019060 0.062011 0.080036 0.014077 0.000471 0.003885 0.013050 0.094244 0.077941 0.096190 0.231908 0.239444 0.187642 0.093733 0.012196 0.005066 0.028676 0.117433 0.097284 0.015874 0.018018 0.017705 0.033450 0.022750 0.031484 0.070884 0.074517 0.122931 0.069722 0.124700 0.089899 0.101305 0.093810 0.057581 0.086129 0.156559 0.070302 0.063345 0.125982 0.140190 0.023624 0.053461 0.146666 0.171000 0.141206 0.140776 0.170574 0.237381 0.156559 0.067665
0.132460 0.175111 0.132173 0.105597 0.064922 0.140393 0.044599 0.118451 0.055109 0.020639 0.006178 0.000471 0.009267 0.018270 0.035110 0.108457 0.123134 0.160910 0.240133 0.150304 0.005083 0.005352 0.018227 0.001872 0.000385 0.003019 0.006787 0.008090 0.005124 0.009752 0.013264 0.147787 0.225055 0.241086 0.215801 0.248670 0.217969 0.175049 0.100467 0.004132 0.151112 0.048928 0.103070 0.111519 0.090188 0.206913 0.043447 0.028769 0.048722 0.120095 0.189100 0.211460 0.140776 0.225440 0.226998 0.240111 0.069668
0.104167 0.090455 0.107640 0.120527 0.039689 0.033871 0.026715 0.111446 0.109426 0.102941 0.002011 0.008940 0.015361 0.019553 0.062316 0.075065 0.064374 0.177518 0.133093 0.002219 0.016895 0.156761 0.214224 0.132890 0.000340 0.000316 0.000342 0.001271 0.009483 0.012190 0.065649 0.105802 0.111111 0.058610 0.051401 0.142620 0.179074 0.160387 0.099873 0.121506 0.157064 0.187044 0.184586 0.188041 0.239136 0.089028 0.134469 0.173446 0.042794 0.180653 0.191494 0.160483 0.250416 0.133321 0.167735 0.249895 0.173847
0.099464 0.089840 0.059391 0.093086 0.049546 0.140060 0.117025 0.097623 0.194450 0.138484 0.095985 0.021200 0.057499 0.029602 0.038617 0.027748 0.037070 0.040116 0.009090 0.018720 0.130306 0.177659 0.123981 0.132747 0.193021 0.015104 0.003642 0.009670 0.006529 0.027192 0.034863 0.074654 0.130880 0.183456 0.133895 0.140203 0.114375 0.072188 0.214224 0.110090 0.187831 0.295622 0.232104 0.241281 0.032220 0.076985 0.308803 0.276049 0.063487 0.214061 0.269002 0.040267 0.113466 0.130250 0.135122 0.275237 0.291078
0.034078 0.073627 0.040009 0.057993 0.073010 0.144784 0.140190 0.118223 0.185292 0.205396 0.185647 0.091889 0.008472 0.021177 0.004166 0.015532 0.010309 0.008084 0.020280 0.162333 0.172276 0.148359 0.176527 0.164411 0.169836 0.016521 0.009411 0.077713 0.147677 0.117432 0.118223 0.048577 0.046032 0.121709 0.197793 0.173446 0.141779 0.141206 0.185151 0.226618 0.202453 0.181478 0.233082 0.133093 0.058817 0.180253 0.243163 0.307139 0.158575 0.035127 0.305800 0.284429 0.230146 0.237381 0.196601 0.157919 0.177252
