docker_testcase/datasets_hmc/static_data/gridded/liguria/liguria.cn.txt
ncols   559
nrows   167
xllcorner    7.4952
yllcorner    43.7565
cellsize    0.005007
NODATA_value -9999
[rows 0 to 32 of 167, columns 444 to 517 of 559]
-9999.0 -9999.0 -9999.0 -9999.0 -9999.0 -9999.0 -9999.0 -9999.0 -9999.0 -9999.0 -9999.0 -9999.0 -9999.0 -9999.0 -9999.0 -9999.0 -9999.0 -9999.0 -9999.0 -9999.0 -9999.0 -9999.0 -9999.0 -9999.0 -9999.0 -9999.0 -9999.0 -9999.0 -9999.0 -9999.0 -9999.0 -9999.0 -9999.0 -9999.0 -9999.0 -9999.0 -9999.0 -9999.0 -9999.0 -9999.0 -9999.0 -9999.0 -9999.0 -9999.0 -9999.0 -9999.0 -9999.0 -9999.0 -9999.0 -9999.0 -9999.0 -9999.0 -9999.0 -9999.0 -9999.0 -9999.0 -9999.0 -9999.0 -9999.0 -9999.0 -9999.0 -9999.0 -9999.0 -9999.0 -9999.0 -9999.0 -9999.0 -9999.0 -9999.0 -9999.0 -9999.0 -9999.0 -9999.0 -9999.0
-9999.0 -9999.0 -9999.0 -9999.0 -9999.0 -9999.0 -9999.0 -9999.0 -9999.0 -9999.0 -9999.0 -9999.0 -9999.0 -9999.0 -9999.0 -9999.0 -9999.0 -9999.0 -9999.0 -9999.0 -9999.0 -9999.0 -9999.0 -9999.0 -9999.0 -9999.0 -9999.0 -9999.0 -9999.0 -9999.0 -9999.0 -9999.0 -9999.0 -9999.0 -9999.0 -9999.0 -9999.0 -9999.0 -9999.0 -9999.0 -9999.0 -9999.0 -9999.0 -9999.0 -9999.0 -9999.0 -9999.0 -9999.0 -9999.0 -9999.0 -9999.0 -9999.0 -9999.0 -9999.0 -9999.0 -9999.0 -9999.0 -9999.0 -9999.0 -9999.0 -9999.0 -9999.0 -9999.0 -9999.0 -9999.0 -9999.0 -9999.0 -9999.0 -9999.0 -9999.0 -9999.0 -9999.0 -9999.0 -9999.0
64.4 64.4 64.4 64.4 64.4 64.4 64.4 64.4 64.4 64.4 64.4 64.4 64.4 64.4 64.4 64.4 64.4 64.4 64.4 64.4 64.4 64.4 64.4 64.4 64.4 64.4 64.4 64.4 64.4 64.4 64.4 64.4 64.4 64.4 64.4 64.4 64.4 64.4 64.4 60.9 60.9 61.2 62.1 60.9 59.3 58.8 64.4 64.4 64.4 64.4 64.4 64.4 64.4 64.4 64.4 64.4 64.4 64.4 64.4 59.9 60.3 62.0 65.0 65.0 65.0 64.3 72.4 69.4 60.9 60.9 65.5 73.0 73.0 63.2
60.9 60.9 60.9 62.3 72.4 73.0 73.0 73.0 61.1 65.0 65.0 65.0 59.9 59.9 59.9 59.9 59.9 59.9 59.9 59.9 60.0 60.9 60.9 60.9 60.9 61.4 61.7 68.4 73.0 73.0 71.2 70.9 68.9 64.0 73.0 73.0 65.1 73.0 66.1 64.6 60.9 64.2 73.0 71.7 62.2 65.1 61.4 66.0 73.0 73.0 73.0 66.4 73.0 60.9 60.9 61.0 65.8 73.0 73.0 73.0 65.0 65.0 68.9 61.9 62.0 63.5 69.0 61.2 62.1 65.0 73.0 65.0 64.8 61.1
60.9 61.4 64.2 64.0 63.5 73.0 73.0 73.0 73.0 72.4 60.5 60.3 59.9 59.9 59.9 59.9 59.9 59.9 59.9 59.9 59.9 60.0 60.0 60.8 60.5 60.9 62.9 71.9 73.0 73.0 61.4 66.3 73.0 73.0 73.0 73.0 73.0 73.0 66.3 61.0 60.9 61.3 61.2 61.3 64.9 69.6 60.9 60.9 61.2 62.0 65.0 73.0 73.0 60.9 64.0 71.9 64.6 73.0 66.9 65.0 65.0 61.4 60.9 64.6 73.0 73.0 65.0 65.0 60.9 61.4 61.4 61.0 61.0 65.0
60.9 60.9 62.8 71.8 64.2 73.0 61.6 63.3 65.0 60.5 58.2 59.9 59.9 59.9 59.9 59.9 59.9 59.9 59.9 59.9 59.9 59.9 59.9 59.9 60.0 61.1 61.1 61.2 61.2 61.3 64.9 73.0 73.0 61.4 65.6 73.0 73.0 61.4 60.9 60.9 60.2 61.5 73.0 63.6 72.1 61.2 60.9 60.9 60.9 62.5 65.0 73.0 63.8 64.1 60.9 64.1 71.9 62.2 65.0 73.0 73.0 60.7 60.9 60.9 61.3 65.0 65.0 61.6 60.9 60.9 60.9 60.9 60.9 62.1
60.9 60.9 64.2 65.0 61.4 61.4 63.8 65.0 61.0 59.9 59.9 59.9 59.9 59.9 59.9 59.9 59.9 59.9 59.9 59.9 59.9 59.6 56.8 51.8 59.9 59.9 60.9 60.9 60.9 60.9 61.4 61.4 62.1 63.7 61.4 65.1 73.0 73.0 61.9 60.9 60.5 58.4 59.9 73.0 64.4 66.8 72.4 60.9 60.9 61.0 64.5 73.0 73.0 61.0 65.6 73.0 73.0 63.3 65.0 73.0 73.0 65.0 65.0 65.0 65.0 60.9 60.9 60.9 60.9 60.9 60.9 60.9 60.9 61.0
60.9 60.9 61.3 60.9 60.9 60.9 64.3 65.0 65.0 59.9 59.9 59.9 59.9 59.9 59.9 59.9 59.9 59.9 59.9 59.9 58.4 51.9 51.6 59.9 59.9 58.5 65.0 61.7 64.3 65.0 73.0 60.9 64.0 73.0 63.8 62.6 66.9 64.6 73.0 73.0 73.0 69.6 53.3 61.8 65.2 61.2 61.2 63.5 73.0 65.0 61.2 65.0 73.0 60.9 61.3 61.3 60.9 60.9 61.3 61.3 65.0 65.0 65.0 65.0 65.0 60.9 60.9 60.9 62.3 65.0 60.9 60.9 60.9 60.9
60.9 60.9 60.9 60.9 60.9 60.9 61.1 59.0 59.9 59.9 59.9 59.9 59.9 59.9 59.9 59.9 59.9 59.9 59.9 59.9 58.0 49.9 51.8 59.9 58.5 65.0 61.4 65.0 73.0 73.0 60.9 60.9 61.2 61.9 67.3 73.0 73.0 63.5 73.0 73.0 71.6 60.5 59.5 61.3 67.1 72.9 66.5 65.0 65.0 62.5 65.0 63.2 61.3 60.9 60.9 64.7 65.0 65.0 64.5 71.9 64.6 65.0 65.0 65.0 65.0 60.9 60.9 60.9 61.0 60.9 60.9 60.9 60.9 60.9
65.0 65.0 65.0 65.0 65.0 60.1 60.4 59.9 59.9 59.9 59.9 61.6 63.9 59.9 59.9 59.9 59.9 59.9 59.9 60.4 60.0 65.0 65.0 59.9 61.0 61.1 61.0 61.2 62.3 69.1 73.0 63.3 73.0 73.0 73.0 66.0 71.0 73.0 61.3 61.2 60.9 61.5 62.3 60.9 63.9 73.0 73.0 61.2 61.2 65.0 65.0 65.0 60.9 60.9 60.9 64.9 65.0 65.0 65.0 63.4 64.2 65.0 65.0 65.0 61.3 60.9 60.9 60.9 60.9 60.9 60.9 60.9 60.9 60.9
65.0 65.0 65.0 65.0 65.0 65.0 65.0 59.9 59.9 59.9 59.9 59.9 61.8 65.0 59.9 59.9 59.9 59.9 59.9 59.9 60.3 60.8 65.0 72.6 63.3 73.0 73.0 63.0 60.9 61.2 64.6 73.0 66.1 73.0 73.0 73.0 73.0 73.0 73.0 73.0 73.0 66.0 73.0 60.7 60.5 64.8 73.0 61.3 65.0 65.0 65.0 65.0 65.0 65.0 60.9 61.7 65.0 65.0 65.0 60.9 65.0 65.0 65.0 65.0 60.9 60.9 60.9 60.9 60.9 60.9 60.9 60.9 60.9 60.9
65.0 65.0 65.0 65.0 65.0 65.0 62.4 64.0 65.0 65.0 65.0 59.9 59.3 65.0 65.0 59.9 59.9 59.9 59.9 59.9 61.6 65.0 65.0 65.0 73.0 61.1 63.6 73.0 73.0 73.0 72.0 73.0 73.0 73.0 73.0 72.5 61.2 61.2 60.6 58.7 62.2 64.9 62.3 66.9 69.7 64.0 72.5 65.4 73.0 67.3 65.0 65.0 61.2 63.7 65.0 65.0 65.0 65.0 62.3 64.1 65.0 61.2 65.0 65.0 65.0 60.9 60.9 60.9 60.9 60.9 60.9 60.9 60.9 60.9
65.0 65.0 61.5 60.0 65.0 65.0 63.7 65.0 65.0 60.1 59.9 59.9 60.7 62.5 65.0 65.0 59.9 59.9 59.9 60.4 62.3 73.0 73.0 73.0 73.0 60.9 60.9 61.1 67.1 73.0 71.6 73.0 73.0 73.0 73.0 73.0 73.0 58.7 61.0 60.9 60.9 60.9 65.0 73.0 71.1 59.5 60.7 73.0 72.4 61.7 63.8 61.7 65.0 65.0 65.0 65.0 65.0 61.7 65.0 65.0 65.0 65.0 61.1 64.3 65.0 65.0 60.9 60.9 60.9 60.9 60.9 60.9 61.5 63.7
65.0 66.8 60.0 58.4 65.0 65.0 65.0 65.0 64.4 59.3 65.0 59.9 59.9 59.8 73.0 72.3 58.1 65.0 61.5 61.7 68.0 73.0 71.3 61.2 64.5 73.0 64.8 73.0 61.3 61.0 65.1 73.0 71.9 62.8 65.0 61.9 61.6 59.6 60.8 60.9 61.1 64.5 71.3 64.2 73.0 64.5 61.1 66.4 73.0 73.0 61.2 65.0 65.0 63.8 65.0 65.0 60.9 64.0 65.0 65.0 65.0 65.0 65.0 65.0 65.0 65.0 65.0 60.9 60.9 60.9 60.9 60.9 63.5 65.0
68.5 59.9 59.9 60.2 61.7 60.1 59.4 73.0 64.8 65.0 65.0 59.9 58.4 65.0 73.0 65.0 65.0 65.0 59.0 65.0 59.8 72.7 73.0 73.0 64.8 73.0 62.2 61.1 60.9 60.9 61.1 61.1 65.1 73.0 60.9 60.9 60.9 60.9 60.9 60.9 60.9 61.0 61.0 65.3 73.0 73.0 61.1 65.8 73.0 73.0 65.0 64.3 65.0 65.0 65.0 65.0 62.0 64.6 61.1 61.1 65.0 65.0 65.0 61.1 61.1 61.2 60.9 60.9 60.9 60.9 60.9 60.9 61.0 61.0
68.6 59.9 59.9 59.9 60.7 61.8 67.5 63.5 65.0 60.0 59.9 59.9 62.0 69.0 72.6 60.2 65.0 65.0 61.4 60.4 61.4 61.0 73.0 73.0 73.0 73.0 62.4 61.8 68.6 73.0 73.0 73.0 73.0 65.0 60.9 60.9 60.9 60.9 63.5 65.0 60.9 60.9 60.9 62.1 65.7 64.4 60.9 60.9 61.2 61.8 64.2 73.0 65.0 65.0 65.0 65.0 65.0 65.0 60.9 60.9 60.9 61.1 61.0 60.9 60.9 60.9 60.9 60.9 60.9 64.9 65.0 60.9 60.9 60.9
69.7 73.0 66.5 58.2 65.0 71.1 61.1 60.6 73.0 65.0 59.9 59.9 59.4 73.0 72.3 60.1 58.8 65.0 58.6 71.8 73.0 73.0 73.0 73.0 73.0 73.0 73.0 63.1 61.1 62.5 71.3 65.0 65.0 65.0 61.1 63.7 65.0 60.9 64.2 65.0 65.0 66.3 73.0 71.1 60.9 65.2 73.0 73.0 60.9 60.9 65.5 65.0 65.0 65.0 65.0 65.0 65.0 61.1 60.9 60.9 64.4 65.0 61.7 60.9 60.9 60.9 60.9 60.9 65.0 65.0 65.0 65.0 65.0 60.7
60.9 62.0 66.7 58.7 71.1 60.7 60.0 73.0 70.2 73.0 68.7 59.4 73.0 72.5 58.4 66.5 59.9 58.2 70.1 73.0 73.0 73.0 73.0 73.0 67.6 73.0 73.0 73.0 62.0 60.9 66.0 65.0 65.0 65.0 65.0 62.1 65.0 65.0 59.2 65.0 65.0 73.0 73.0 61.0 60.9 65.4 73.0 73.0 60.9 60.9 62.4 65.0 65.0 65.0 65.0 65.0 65.0 64.1 60.9 60.9 61.8 63.4 60.9 60.9 60.9 60.9 60.9 60.9 60.9 64.9 65.0 65.0 65.0 59.9
64.6 61.1 68.5 65.0 65.0 73.0 73.0 73.0 73.0 73.0 73.0 63.2 72.5 59.6 73.0 73.0 73.0 73.0 73.0 73.0 73.0 73.0 73.0 73.0 61.0 62.2 65.0 59.1 60.7 60.0 60.9 61.3 61.0 61.4 60.9 60.9 59.9 59.4 65.0 65.0 63.9 73.0 65.0 60.9 64.2 73.0 68.2 60.9 60.9 60.9 65.0 65.0 65.0 65.0 65.0 61.0 60.9 60.9 60.9 60.9 60.9 60.9 60.9 60.9 65.0 65.0 60.6 59.2 61.0 60.0 61.1 65.0 65.0 63.6
62.8 60.0 66.4 65.0 65.0 73.0 73.0 73.0 73.0 73.0 73.0 73.0 73.0 73.0 73.0 73.0 73.0 73.0 73.0 73.0 73.0 73.0 73.0 73.0 60.9 60.0 59.9 59.9 59.9 59.9 59.9 61.0 60.9 60.8 59.8 59.9 61.0 61.7 63.9 63.0 65.0 65.0 63.0 60.9 61.0 61.0 60.9 60.9 60.9 65.0 65.0 65.0 64.6 65.0 65.0 65.0 65.0 60.9 60.9 60.9 60.9 60.9 60.9 60.9 60.9 63.8 65.0 65.0 60.2 60.9 61.1 65.0 65.0 65.0
73.0 73.0 65.0 65.0 73.0 63.9 73.0 73.0 73.0 73.0 73.0 73.0 73.0 73.0 73.0 73.0 65.3 61.0 60.9 60.7 61.0 64.0 60.7 59.8 59.8 60.0 60.9 60.9 59.9 59.9 59.9 59.9 60.9 60.9 60.9 60.9 60.9 60.9 60.9 60.9 60.9 60.9 60.9 60.9 60.9 60.9 60.9 60.9 61.9 65.0 65.0 61.0 60.9 62.7 65.0 65.0 65.0 60.6 60.0 61.9 65.0 65.0 60.9 60.9 60.9 59.7 60.2 61.9 65.0 65.0 65.0 65.0 65.0 65.0
60.9 60.9 60.9 62.7 72.9 73.0 73.0 73.0 73.0 73.0 73.0 73.0 73.0 73.0 71.6 60.9 60.2 60.9 59.9 59.9 59.9 59.9 59.9 59.9 59.9 61.3 65.0 65.0 61.0 59.9 59.9 59.9 59.9 59.9 60.9 60.9 60.9 60.9 60.9 60.9 60.9 60.9 60.9 60.9 60.9 60.9 60.9 60.9 60.9 64.8 65.0 60.9 60.9 60.9 60.9 64.5 65.0 59.7 61.1 60.9 64.6 65.0 65.0 65.0 60.3 65.0 61.1 60.9 65.0 65.0 73.0 73.0 73.0 73.0
73.0 73.0 62.7 65.1 73.0 73.0 73.0 73.0 73.0 66.0 73.0 73.0 73.0 73.0 73.0 59.0 59.9 59.9 59.9 59.9 59.9 59.9 59.9 59.9 59.9 59.9 58.5 65.0 59.9 59.9 59.9 59.9 59.9 59.9 59.9 60.8 60.5 60.9 60.9 60.9 60.9 60.9 60.9 62.1 65.0 60.9 63.2 65.0 60.9 60.9 60.9 60.9 60.9 60.9 60.9 60.9 60.9 59.9 61.8 60.9 60.8 59.3 59.9 60.0 62.5 65.0 60.9 60.9 60.9 60.9 66.1 73.0 73.0 73.0
73.0 73.0 64.9 64.2 73.0 69.2 73.0 73.0 68.1 73.0 73.0 73.0 73.0 73.0 65.0 59.9 59.9 59.9 59.9 59.9 59.9 59.9 59.9 59.9 59.9 59.9 59.9 59.9 59.9 59.9 59.9 59.9 59.9 59.9 59.9 59.9 59.9 59.9 59.9 60.7 58.9 62.7 65.0 62.7 60.9 62.1 65.0 65.0 65.0 65.0 60.9 60.9 60.9 59.7 59.9 60.2 61.2 58.1 60.9 60.9 60.9 60.6 60.2 60.9 60.9 64.2 70.6 60.9 66.0 65.0 65.0 65.0 73.0 73.0
65.7 73.0 73.0 73.0 73.0 73.0 60.7 60.9 63.4 73.0 73.0 73.0 73.0 60.0 59.9 59.9 59.9 59.9 59.9 59.9 60.6 59.8 62.6 65.0 65.0 65.0 59.9 61.8 65.0 65.0 65.0 65.0 59.9 59.9 59.9 59.9 59.0 56.8 59.9 59.9 59.9 60.3 59.5 65.0 65.0 65.0 65.0 65.0 65.0 60.4 62.1 60.9 64.4 65.0 64.4 65.0 65.0 60.9 60.9 60.9 64.2 65.0 60.9 60.9 63.5 73.0 65.0 65.0 65.0 65.0 65.0 65.0 65.0 59.9
73.0 73.0 73.0 67.0 73.0 73.0 69.4 68.6 65.0 65.0 73.0 73.0 73.0 73.0 73.0 65.0 59.9 59.9 59.9 59.9 59.9 59.9 59.9 59.9 59.9 59.9 61.0 63.5 65.0 65.0 65.0 59.9 59.9 59.9 59.9 56.7 47.0 48.8 59.1 56.8 60.3 62.5 61.2 59.1 59.3 60.0 60.9 57.7 52.6 59.5 59.9 65.0 60.9 60.9 60.9 60.9 60.9 60.9 60.9 60.9 61.0 64.8 65.0 65.0 65.0 59.3 65.0 65.0 65.0 65.0 65.0 65.0 65.0 64.2
73.0 73.0 73.0 63.2 73.0 73.0 65.0 65.0 65.0 64.4 65.0 73.0 73.0 72.3 59.9 59.9 59.9 59.9 59.9 59.9 59.9 59.9 59.9 59.9 59.1 55.9 56.7 59.9 59.9 59.9 60.7 59.0 59.9 59.8 59.8 56.4 49.5 63.1 65.0 65.0 63.2 60.9 60.9 58.4 55.1 59.7 65.0 65.0 64.6 60.0 58.7 60.9 63.5 65.0 65.0 65.0 62.9 60.9 60.9 60.9 60.9 61.0 61.2 65.0 65.0 61.1 65.0 65.0 60.9 60.9 61.3 62.1 60.9 65.0
73.0 73.0 73.0 60.9 60.9 60.9 60.8 60.8 60.9 64.4 65.0 73.0 73.0 72.5 59.7 59.9 59.9 59.9 60.0 58.8 65.0 65.0 59.9 59.9 59.9 58.0 52.1 59.9 59.9 59.9 59.9 61.0 60.3 57.8 52.0 59.8 60.4 65.0 65.0 65.0 60.9 59.8 61.0 65.0 65.0 62.0 61.6 61.1 55.8 59.6 65.0 61.0 61.0 60.9 63.4 65.0 62.1 60.9 61.0 60.9 60.9 65.0 65.0 65.0 59.9 62.3 65.0 65.0 60.9 60.9 60.9 60.9 62.1 65.0
73.0 73.0 65.0 61.1 60.8 60.8 60.0 59.9 58.3 65.0 65.0 73.0 69.6 59.9 59.9 60.0 60.0 59.5 65.0 65.0 65.0 60.9 59.9 59.9 59.8 59.8 59.9 59.9 59.9 59.9 59.9 59.9 59.8 56.7 47.0 48.7 60.7 60.7 63.0 61.0 64.6 61.8 57.6 48.6 58.8 65.0 61.0 61.0 50.8 59.9 59.3 65.0 65.0 63.3 65.0 60.0 63.1 65.0 65.0 65.0 62.0 65.0 65.0 65.0 50.3 56.0 65.0 61.0 61.0 61.0 60.9 60.9 60.9 60.9
65.0 59.9 59.9 60.0 60.5 59.9 59.9 59.9 59.9 60.0 60.7 60.0 59.9 59.9 60.0 59.1 65.0 65.0 65.0 65.0 60.8 62.6 65.0 59.9 58.7 54.8 59.9 59.9 59.9 59.9 59.9 59.8 57.5 47.8 47.1 56.1 60.2 62.2 65.0 58.3 59.8 60.6 58.8 59.0 56.6 59.9 60.7 59.3 59.6 59.4 60.0 58.4 65.0 65.0 65.0 65.0 65.0 60.4 65.0 65.0 65.0 65.0 65.0 65.0 56.2 54.5 65.0 65.0 65.0 65.0 60.9 60.9 60.9 61.0
59.9 59.9 59.9 59.9 59.9 59.9 59.9 60.0 59.9 59.9 59.9 59.9 60.1 60.3 65.0 65.0 65.0 65.0 53.4 56.9 59.9 57.1 47.9 59.8 59.8 59.8 59.8 59.9 59.9 59.7 59.6 59.1 54.9 47.8 59.2 66.0 65.0 62.8 65.0 61.9 53.6 60.0 59.9 59.9 59.9 59.9 59.9 60.6 62.0 61.3 65.0 59.9 59.9 59.9 59.9 61.0 64.8 65.0 60.8 65.0 65.0 65.0 65.0 65.0 58.1 65.0 61.1 60.9 60.9 60.9 60.9 61.0 65.0 65.0
59.9 59.9 59.9 59.9 59.9 59.9 58.1 65.0 59.9 59.9 59.9 59.9 60.0 59.5 65.0 47.0 47.0 55.4 59.9 59.9 59.8 59.3 57.4 59.3 56.3 54.1 51.9 59.7 59.9 57.0 47.0 47.8 59.7 57.7 52.7 61.1 60.9 64.5 71.7 52.8 61.5 65.0 65.0 59.8 59.9 59.9 60.1 59.5 65.0 59.9 59.9 60.9 59.6 60.6 60.7 60.0 62.0 64.3 65.0 65.0 60.8 60.9 61.2 50.5 57.1 65.0 65.0 60.9 60.9 60.9 60.9 63.4 65.0 64.4
59.9 59.9 59.9 59.9 60.0 60.4 62.0 65.0 58.6 59.9 59.9 59.9 59.8 58.9 65.0 47.0 51.5 55.9 49.0 60.4 60.2 53.3 63.0 69.0 57.4 55.5 52.1 47.9 59.9 59.7 58.7 53.6 48.3 48.5 56.2 73.0 73.0 61.4 64.6 68.3 59.0 60.4 66.7 57.8 61.2 58.5 65.0 65.0 59.7 59.9 59.9 59.9 59.0 53.6 49.2 61.6 60.6 65.0 65.0 65.0 61.5 60.4 50.7 53.5 58.9 65.0 61.1 60.9 60.9 60.9 60.9 60.9 61.6 62.7
